1.64146867167920
1.68764935064935
1.61854615384615
1.61010649350649
1.59327157360406
1.61167258883249
1.60381748071979
1.58058395989975
1.64785279187817
1.66475461741425
1.67067979002625
1.54840806045340
1.55699238578680
1.59321534653465
1.57210123456790
1.59961442786070
1.61450126582278
1.61373989898990
1.63291161616162
1.61286513994911
1.53990909090909
1.62231297709924
1.58021078431373
1.56894910941476
1.60078085642317
1.58499489795918
1.64848724489796
1.67142635658915
1.60387338501292
1.60382397959184
1.62402290076336
1.51551399491094
1.53694962216625
1.53132500000000
1.62698461538462
1.57305974025974
1.53912722646310
1.51294949494950
1.61151832460733
1.52002813299233
1.52277037037037
1.51497727272727
1.56781889763780
1.57263824289406
1.48952867830424
1.55456958762887
1.46132581453634
1.50299748743719
1.49787723785166
1.49566753246753
1.45425250000000
1.49711197916667
1.44167336683417
1.50237721518987
1.52145103092784
1.52102295918367
1.42690816326531
1.50268461538462
1.41810776942356
1.45701790281330
1.47060256410256
1.41979848866499
1.49610539845758
1.38837871287129
1.46950877192982
1.43016372795970
1.45730402010050
1.44345750000000
1.50265561224490
1.48119410319410
1.49809898477157
1.47758186397985
1.50668622448980
1.47992366412214
1.50790561224490
1.55971842105263
1.52891906005222
1.46408977556110
1.48749122807018
1.50933082706767
1.49608974358974
1.58965228426396
1.48458457711443
1.52713436692506
1.61533333333333
1.59414652956298
1.61426614987080
1.54679545454545
1.55554452926209
1.65203664921466
1.52970528967254
1.54525449871465
1.57598982188295
1.55485012919897
1.57255584415584
1.56077551020408
1.55438659793814
1.53753015075377
1.51252970297030
1.54055269922879
1.54136180904523
1.44254187192118
1.51232673267327
1.52273618090452
1.57824427480916
1.49780952380952
1.56215051020408
1.53268717948718
1.53216834170854
1.52178109452736
1.51952970297030
1.44817283950617
1.52741943734015
1.49970719602978
1.53747837150127
1.44545728643216
1.52279427083333
1.50396977329975
1.49273618090452
1.51661421319797
1.54148854961832
1.55305370843990
1.45150750000000
1.52883846153846
1.57295300261097
1.54842564102564
1.53813043478261
1.46157800511509
1.42453026634383
1.52874936061381
1.51693556701031
1.51650000000000
1.55732625994695
1.50016326530612
1.54196134020619
1.55850781250000
1.44015938303342
1.50537434554974
1.48978446115288
1.50016539440204
1.45222506393862
1.46014467005076
1.47148354430380
1.44940966921120
1.49117948717949
1.47529145728643
1.50510327455919
1.48280620155039
1.56179639175258
1.45885929648241
1.50610649350649
1.50860416666667
1.48079028132992
1.49361224489796
1.35779756097561
1.41662814070352
1.46696850393701
1.44339641943734
1.43863265306122
1.41122278481013
1.43875191815857
1.42944587628866
1.35579802955665
1.44060000000000
1.41927568922306
1.41551275510204
1.39119143576826
1.37061538461538
1.40203526448363
1.36704822335025
1.37739948453608
1.39025515463918
1.40066084788030
1.34983333333333
1.33248607594937
1.31286284289277
1.24795061728395
1.31091183879093
1.27930325814536
1.27558145363409
1.33960957178841
1.29910579345088
1.29112468827930
1.32320610687023
1.36603307888041
1.27059390862944
1.21826119402985
1.27384517766497
1.32023697916667
1.28280562659847
1.27254922279793
1.27152417302799
1.23633919597990
1.24430150753769
1.26464659685864
1.20833676092545
1.23310230179028
1.23355837563452
1.22454198473282
1.21964795918367
1.18027250000000
1.18654755784062
1.18573589743590
1.17773989898990
1.19365217391304
1.17736159600998
1.18553846153846
1.16293954659950
1.20308312342569
1.14894642857143
1.16035235732010
1.19853417721519
1.18708974358974
1.16523096446701
1.16566831683168
1.19281648936170
1.15941542288557
1.19905115089514
1.16618717948718
1.17111518324607
1.11342298288509
1.15419851116625
1.17407052896725
1.16634096692112
1.14552219321149
1.14098477157360
1.17546511627907
1.09326650366748
1.19910282776350
1.14870558375635
1.17000767263427
1.15945780051151
1.14404271356784
1.19251181102362
1.17039005235602
1.10671319796954
1.18380306905371
1.18197662337662
1.11678371501272
1.10867002518892
1.10798727735369
1.10311576354680
1.15613110539846
1.15005897435897
1.10932658227848
1.11741406250000
1.11570500000000
1.15240721649485
1.06890594059406
1.11166835443038
1.12952061855670
1.12272797927461
1.10287723785166
1.11042408376963
1.09573182957394
1.11942602040816
1.12578238341969
1.14258355437666
1.09111450381679
1.04165162907268
1.09690575916230
1.09495064935065
1.04893430656934
1.03438592233010
1.07046819338422
1.07679639175258
1.03133583959900
1.07242416452442
1.07548958333333
1.04995641025641
1.05319693094629
1.03154074074074
1.02437655860349
1.01559640102828
1.04498727735369
0.972755555555556
1.00632592592593
1.02654198473282
1.03292307692308
1.02544444444444
0.996541025641026
1.01980099502488
1.04239534883721
1.01954475703325
1.00812371134021
1.00799497487437
1.02009923664122
0.987883544303797
1.02810937500000
1.06294559585492
0.995829573934837
0.994936708860760
1.02402061855670
1.00607556675063
1.00936597938144
1.03797900262467
0.999055415617129
0.960768656716418
1.02869309462916
1.06607368421053
0.975479695431472
1.02186125654450
1.01451785714286
1.01970866141732
1.02163010204082
0.983654320987654
1.02491939546600
1.03559487179487
0.998030848329049
1.01127604166667
1.00896741854637
1.00850000000000
0.996295739348371
1.02745974025974
1.04703896103896
1.04773629242820
1.00444360902256
0.986852500000000
1.03633164556962
0.976297766749380
1.03590330788804
0.997909319899244
1.00711221945137
0.989652392947103
1.02570967741935
0.980420792079208
1.03376649746193
1.01585642317380
1.00862659846547
1.01924031007752
1.04929441624365
1.02682864450128
1.04662244897959
0.993516372795970
1.00561691542289
1.02084948979592
1.01248232323232
1.02597422680412
1.02723929471033
1.00900253807107
1.04993556701031
1.01654936708861
1.06071355498721
1.04571099744246
1.06214728682171
1.09079480519481
1.07490526315789
1.02818453865337
1.07913436692506
1.07354046997389
1.07105154639175
1.04649614395887
1.06555784061697
1.03551282051282
1.09179521276596
1.05006045340050
1.07028423772610
1.04891729323308
1.07959640102828
1.09591304347826
1.10439540816327
1.09863707571802
1.08446075949367
1.06449492385787
1.08960156250000
1.07585496183206
1.09898737373737
1.12523560209424
1.12087272727273
1.09555388471178
1.09961654135338
1.10223214285714
1.13483247422680
1.10629873417722
1.13852777777778
1.13901827676240
1.13133164556962
1.14054385964912
1.16978172588833
1.14357393483709
1.14771801566580
1.16212176165803
1.12984478371501
1.13044554455446
1.15719537275064
1.15402301790281
1.21867105263158
1.19634263959391
1.21436125654450
1.25298404255319
1.17585156250000
1.15142385786802
1.19388750000000
1.22436363636364
1.25802583979328
1.21411139896373
1.20188750000000
1.14755172413793
1.20996915167095
1.19952417302799
1.21171465295630
1.25835695538058
1.22548500000000
1.17547642679901
1.18065162907268
1.22867191601050
1.22096666666667
1.23225831202046
1.23887926509186
1.27839632545932
1.21651015228426
1.21474424552430
1.22204639175258
1.26165789473684
1.29863212435233
1.24228787878788
1.24477525252525
1.23119201995012
1.24619592875318
1.25104102564103
1.27606169665810
1.24542394014963
1.29723958333333
1.25739743589744
1.26355303030303
1.26240966921120
1.26561696658098
1.22335189873418
1.23290250000000
1.22866253101737
1.23420654911839
1.23758968058968
1.24916582914573
1.26333164556962
1.27210723192020
1.26703990024938
1.28164358974359
1.34403753351206
1.31565445026178
1.30082994923858
1.30464974619289
1.28409113924051
1.27575438596491
1.29784251968504
1.30475835475578
1.29436272040302
1.26184478371501
1.28377721518987
1.32012311557789
1.34033846153846
1.31311450381679
1.35897164948454
1.34886734693878
1.35471391752577
1.37938845144357
1.34654659949622
1.36078005115090
1.33532569974555
1.32189086294416
1.34433418367347
1.36873076923077
1.35734526854220
1.33351629072682
1.31545161290323
1.37632216494845
1.38081565656566
1.35586329113924
1.40021038961039
1.39634961439589
1.37470426065163
1.44113506493507
1.35474750000000
1.35388888888889
1.37152162849873
1.43736292428198
1.36766161616162
1.34902475247525
1.39885454545455
1.42652956298201
1.43034693877551
1.44634358974359
1.39444274809160
1.44033246753247
1.38992171717172
1.38719647355164
1.37466666666667
1.40766582278481
1.42978645833333
1.42266497461929
1.37094458438287
1.43874680306905
1.41644961240310
1.38150383631714
1.36662094763092
1.38369500000000
1.36434335839599
1.37107124681934
1.48270026525199
1.39196153846154
1.41337823834197
1.48196062992126
1.36948346055980
1.36747381546135
1.41539793281654
1.37201562500000
1.40681074168798
1.44206122448980
1.39840399002494
1.40529081632653
1.42619379844961
1.40731604938272
1.33993984962406
1.41669720101781
1.37023940149626
1.42251653944020
1.32072167487685
1.43851145038168
1.39474807197943
1.38477750000000
1.45303174603175
1.37972110552764
1.38205398457584
1.37886989795918
1.39797435897436
1.43260305343511
1.39581025641026
1.40072388059702
1.36534825870647
1.37805357142857
1.37178934010152
1.35641860465116
1.34073979591837
1.39718274111675
1.41895959595960
1.42432745591940
1.37381218274112
1.31147132169576
1.35000757575758
1.34158312020460
1.37429081632653
1.37015696202532
1.41005897435897
1.38431218274112
1.35878934010152
1.35446564885496
1.29762656641604
1.33578934010152
1.39252849740933
1.33423650385604
1.35895128205128
1.37537665782493
1.36500260416667
1.32839401496259
1.32006060606061
1.36334271099744
1.35225587467363
1.36800751879699
1.30483374689826
1.31027088607595
1.30503535353535
1.30024747474747
1.32843765903308
1.32615206185567
1.35074093264249
1.32089795918367
1.29149489795918
1.28195177664975
1.32519121447028
1.28903826530612
1.30920000000000
1.23751010101010
1.29662907268170
1.29472193877551
1.30152272727273
1.31277120822622
1.27407556675063
1.27540051020408
1.32948177083333
1.32467277486911
1.26610353535354
1.30692287917738
1.24915989847716
1.29157682619647
1.30823017902813
1.31540625000000
1.24877040816327
1.27687121212121
1.24744473007712
1.31242968750000
1.21984343434343
1.31029715762274
1.25203722084367
1.23095918367347
1.17844913151365
1.17211851851852
1.27013265306122
1.24265000000000
1.28570603674541
1.23808205128205
1.20079123711340
1.20450753768844
1.25115384615385
1.22040966921120
1.17214141414141
1.17934653465347
1.21941968911917
1.19142187500000
1.20075443037975
1.23216971279373
1.21298730964467
1.21958139534884
1.19228894472362
1.13628250000000
1.22622879177378
1.21090176322418
1.17365561224490
1.19255064935065
1.16252644836272
1.16018158567775
1.17567352185090
1.12884500000000
1.16637783375315
1.14366750629723
1.18253805774278
1.16105612244898
1.17222361809045
1.22540157480315
1.14769620253165
1.15510567010309
1.18344619422572
1.16023785166240
1.15193264248705
1.11228571428571
1.12583206106870
1.13182051282051
1.10312000000000
1.12899494949495
1.06803960396040
1.08807481296758
1.11307888040712
1.11675000000000
1.06966414141414
1.07511597938144
1.08747869674185
1.12177468354430
1.10834263959391
1.06993434343434
1.07605793450882
1.02169902912621
1.14533333333333
1.10909793814433
1.07683208020050
1.14893229166667
1.11355297157623
1.07087684729064
1.10761675126904
1.09259693877551
1.08302777777778
1.09257989690722
1.06587563451777
1.08616666666667
1.05410353535354
1.05212311557789
1.09950895140665
1.06532089552239
1.07193532338308
1.10903562340967
1.06691259640103
1.02727109974425
1.06919531250000
1.06243556701031
1.06926478149100
1.06558505154639
1.12072295514512
1.09171649484536
1.10865691489362
1.08440314136126
1.05575443037975
1.11281746031746
1.07821899736148
1.08873280423280
1.05434936708861
1.06188946015424
1.08893193717277
1.06269922879177
1.06076708860759
1.05178337531486
1.07140000000000
1.03831000000000
1.05643908629442
1.02215000000000
0.981041975308642
1.04060206718346
1.05094221105528
1.03700506329114
1.04978092783505
1.02788131313131
1.03744862155388
1.04455919395466
1.05435549872123
1.05637531486146
1.03021695760599
1.02983126550868
1.02126717557252
0.998216417910448
1.06773385012920
1.06384910485934
1.05504603580563
1.07663730569948
1.02820603015075
1.04182820512821
1.02343112244898
1.03429715762274
1.01858585858586
0.995618090452261
1.02156202531646
1.05043333333333
0.991638141809291
1.00426960784314
1.02411898734177
1.08403208556150
1.05251156812339
1.03653571428571
1.04651015228426
1.01661313868613
0.991076732673267
1.03280989583333
0.997110275689223
1.03435858585859
0.998600985221675
0.993384422110553
0.998581632653061
1.05463520408163
1.03964857881137
1.06772656250000
1.07918604651163
1.03953061224490
1.06369269521411
1.07306476683938
1.03838520408163
1.05746212121212
1.05300000000000
1.10972845953003
1.11464907651715
1.04749118387909
1.05415404699739
1.06126020408163
1.04071139240506
1.00024813895782
1.04794629156010
1.09027577319588
0.996181818181818
1.03888520408163
1.09770588235294
1.06474615384615
1.11621818181818
1.11350918635171
1.08632569974555
1.06878481012658
1.07534517766497
1.04706632653061
1.07609375000000
1.12084042553191
1.11589062500000
1.06236962025316
1.08830958230958
1.12351150895141
1.05908695652174
1.10578149100257
1.07363144329897
1.10367183462532
1.09387692307692
1.08090792838875
1.10166835443038
1.12916326530612
1.08641919191919
1.11393814432990
1.08286699507389
1.12472093023256
1.10929695431472
1.14624345549738
1.13924421593830
1.09947607052897
1.11198457583548
1.11751767676768
1.10843640897756
1.13058673469388
1.11568181818182
1.11299497487437
1.13486868686869
1.18184114583333
1.12777862595420
1.13315736040609
1.17317402597403
1.17002083333333
1.13661152882206
1.15387468030691
1.11263500000000
1.16997172236504
1.15683715012723
1.15360925449871
1.17669553805774
1.17549234693878
1.18015365239295
1.17145843828715
1.23811548556430
1.17333673469388
1.16048724489796
1.18755526992288
1.13813506493507
1.22660567010309
1.20892913385827
1.17557788944724
1.16976262626263
1.18486500000000
1.17881750000000
1.18454198473282
1.19322084367246
1.19023797468354
1.24242639593909
1.19749388753056
1.20631407035176
1.21340966921120
1.19821173469388
1.23929367088608
1.19583123425693
1.18238048780488
1.15282750000000
1.26477142857143
1.22629310344828
1.22892746113990
1.21306297229219
1.24127577319588
1.25395431472081
1.25734605597964
1.25050255102041
1.26994162436548
1.25406361323155
1.28949497487437
1.28943686868687
1.28324181360202
1.26652538071066
1.28881329923274
1.32107772020725
1.27765316455696
1.35094750656168
1.34723896103896
1.31957435897436
1.27338750000000
1.32527204030227
1.31913265306122
1.26914540816327
1.31887309644670
1.28861928934010
1.30512182741117
1.28790523690773
1.34090721649485
1.29382716049383
1.36775641025641
1.34292307692308
1.35919143576826
1.36253906250000
1.36947258485640
1.38788431876607
1.36692583120205
1.31569554455446
1.39411197916667
1.38589817232376
1.40012928759894
1.33841581632653
1.30739506172840
1.35237531486146
1.39340463917526
1.39924274406332
1.37882025316456
1.43112860892388
1.34788295165394
1.37365664160401
1.34808020050125
1.35349109414758
1.35673000000000
1.39646253229974
1.36298227848101
1.39961055276382
1.38354156171285
1.40268894601542
1.34617456359102
1.34526302729529
1.44246891191710
1.41500000000000
1.37833167082294
1.38976070528967
1.40169651741294
1.41774750000000
1.42036386768448
1.40009090909091
1.42721827411168
1.36809823677582
1.40492893401015
1.39804239401496
1.42419240506329
1.44317179487179
1.40075063613232
1.39058542713568
1.37200491400491
1.46622857142857
1.38087719298246
1.38941645885287
1.45255699481865
1.43101295336788
1.44322879177378
1.47269922879177
1.44345939086294
1.40401005025126
1.40418670076726
1.43319638242894
1.46347916666667
1.45633924050633
1.41032315521629
1.42980829015544
1.40216417910448
1.44278181818182
1.38915656565657
1.42226448362720
1.44076020408163
1.42323096446701
1.40945685279188
1.42735641025641
1.40333088235294
1.39995511221945
1.42817875647668
1.49510416666667
1.44022222222222
1.52587297297297
1.44381282051282
1.49161675126904
1.43377002583979
1.45138539042821
1.48193350383632
1.45983374689826
1.42807161125320
1.47310567010309
1.52163753213368
1.43267418546366
1.44361240310078
1.44652911392405
1.43474177215190
1.41575438596491
1.40410178117048
1.47420472440945
1.42904325699746
1.51160789473684
1.52322015915119
1.46534025974026
1.41314102564103
1.43800769230769
1.46014285714286
1.41550886075949
1.42910075566751
1.41738931297710
1.39928211586902
1.41938578680203
1.40089924433249
1.42127461139896
1.49857894736842
1.39726932668329
1.37933578431373
1.41288040712468
1.41591370558376
1.38522597402597
1.47539030612245
1.46134908136483
1.40487309644670
1.42513486005089
1.38920698254364
1.40574811083123
1.43400506329114
1.41552380952381
1.44506544502618
1.38964483627204
1.37882089552239
1.43791259640103
1.40389898989899
1.41611779448622
1.44995959595960
1.44320789473684
1.33964215686275
1.44286375321337
1.34044254278729
1.44423711340206
1.35024250000000
1.38643478260870
1.42109067357513
1.46508310991957
1.37176658476658
1.40816284987277
1.40644303797468
1.35185166240409
1.37082383419689
1.41173246753247
1.38449127182045
1.34716161616162
1.42204675324675
1.40812886597938
1.42919796954315
1.42009511568123
1.38261097256858
1.34732233502538
1.40142159383033
1.33442750000000
1.38121994884910
1.40014213197970
1.37750505050505
1.34897974683544
1.37106852791878
1.45199473684211
1.41983928571429
1.31511195928753
1.31765336658354
1.35642931937173
1.38577836411610
1.34126410256410
1.31595073891626
1.33351732673267
1.37939487179487
1.36030927835052
1.38562760416667
1.35175703324808
1.29629925187032
1.31763705583756
1.31680099502488
1.31576202531646
1.31410714285714
1.28252130325815
1.30729219143577
1.32518441558442
1.28604030226700
1.31716071428571
1.32270418848168
1.32383462532300
1.35570207253886
1.34004123711340
1.34480417754569
1.29093654822335
1.31822250639386
1.34604427083333
1.32598469387755
1.29137886597938
1.30649360613811
1.24360349127182
1.32439583333333
1.24068101265823
1.30734430379747
1.31541388174807
1.26758808933002
1.27536317135550
1.26374436090226
1.26756743002545
1.25902777777778
1.28612468193384
1.23573737373737
1.24669423558897
1.30261757105943
1.21712436548223
1.25973007712082
1.24512307692308
1.27232558139535
1.24577386934673
1.24725380710660
1.24228860759494
1.23119201995012
1.25119487179487
1.28368894601542
1.31521164021164
1.25041207349081
1.27314882506527
1.26677179487180
1.19780569948187
1.29182812500000
1.21362532299742
1.23460358056266
1.21449622166247
1.24127930174564
1.25269665809769
1.23250510204082
1.21529113924051
1.24139641943734
1.26258746736292
1.21119289340102
1.24102056555270
1.24631122448980
1.19363636363636
1.18054020100503
1.22508997429306
1.16629145728643
1.19536386138614
1.18833919597990
1.17246867167920
1.19258227848101
1.20996907216495
1.21528092783505
1.25404381443299
1.23786493506494
1.21484318766067
1.24433333333333
1.20914285714286
1.23571025641026
1.20019444444444
1.14228000000000
1.18872110552764
1.21180562659847
1.20448071979434
1.14096750000000
1.17518434343434
1.23367546174142
1.18633505154639
1.17985786802030
1.18225706940874
1.21886821705426
1.23596391752577
1.19506887755102
1.20009390862944
1.17281453634085
1.21803664921466
1.18968542199489
1.18363471502591
1.18639018087855
1.17968622448980
1.17059296482412
1.18494177215190
1.18447193877551
1.18405370843990
1.17439588688946
1.20958778625954
1.15803535353535
1.20800775193798
1.16512060301508
1.14111306532663
1.22868882978723
1.19958947368421
1.16267258883249
1.16496930946292
1.18176349614396
1.15971649484536
1.18302590673575
1.18443478260870
1.18615897435897
1.21609921671018
1.17641237113402
1.12862944162437
1.19044072164948
1.15414213197970
1.17697208121827
1.09384886649874
1.14541161616162
1.23160052219321
1.16111363636364
1.15468922305764
1.13112781954887
1.17479895561358
1.19255012853470
1.13948223350254
1.16321134020619
1.15971827411168
1.16883419689119
1.15087405541562
1.18994805194805
1.15092564102564
1.18700258397933
1.13985037406484
1.19235368956743
1.19610966057441
1.17190129870130
1.15144245524297
1.18107142857143
1.15470558375635
1.14614833759591
1.18511398963731
1.20626892950392
1.14663065326633
1.16445524296675
1.15837913486005
1.14676381909548
1.13245591939547
1.19384595959596
1.19158611825193
1.17678371501272
1.19249230769231
1.13959487179487
1.16652319587629
1.16677295918367
1.17973684210526
1.20429133858268
1.17348984771574
1.19525388601036
1.16829156010230
1.15120347394541
1.18963682864450
1.15472636815920
1.21310554089710
1.14139949748744
1.14777944862155
1.16028607594937
1.18124565756824
1.19738363171356
1.17741085271318
1.13386075949367
1.19317380352645
1.16456041131105
1.15891326530612
1.15404534005038
1.16020812182741
1.17035353535354
1.20169010416667
1.15499496221662
1.14972795969773
1.20254830287206
1.17580208333333
1.22596605744125
1.20446428571429
1.19982097186701
1.15033084577114
1.17485678391960
1.19655750000000
1.18359693877551
1.16359590792839
1.16820000000000
1.19631538461538
1.14091066997519
1.22600783289817
1.18981725888325
1.18792462311558
1.17684223918575
1.20586563307494
1.19765569620253
1.17191000000000
1.24012182741117
1.21131155778894
1.16567901234568
1.17061786600496
1.14185060240964
1.25542216358839
1.22218686868687
1.25592207792208
1.27681701030928
1.24160000000000
1.24680361757106
1.20846075949367
1.20564108910891
1.21425806451613
1.22360606060606
1.26108695652174
1.27356091370558
1.22294949494950
1.28923846153846
1.25051918158568
1.30506377551020
1.26361182519280
1.27378663239075
1.26457430730479
1.30364122137405
1.26850757575758
1.27541343669251
1.28172911392405
1.24032098765432
1.26156783919598
1.31655412371134
1.23517283950617
1.27523750000000
1.30431496062992
1.29986787564767
1.29245431472081
1.36250904392765
1.28847103274559
1.29128644501279
1.32397448979592
1.33347545219638
1.32226804123711
1.33576640419948
1.32439843750000
1.30063065326633
1.37932717678100
1.33323514211886
1.30576309226933
1.31211363636364
1.39425848563969
1.35501763224181
1.33151133501259
1.37256521739130
1.33129367088608
1.35218320610687
1.30600000000000
1.33251145038168
1.32190979381443
1.39617585301837
1.39907474226804
1.36378316326531
1.32202506265664
1.35336049382716
1.40831122448980
1.37969720101781
1.35411528822055
1.38797468354430
1.42981298701299
1.39285309278351
1.46034455958549
1.37735427135678
1.40085384615385
1.42194656488550
1.40308905852417
1.45726439790576
1.42191044776119
1.41063750000000
1.43435969387755
1.37954750000000
1.43972222222222
1.43270603015075
1.34780589680590
1.46534883720930
1.47725925925926
1.39530845771144
1.42294789081886
1.41894540942928
1.45056122448980
1.44269689119171
1.47634020618557
1.48648750000000
1.47222448979592
1.44302487562189
1.48366666666667
1.52926614987080
1.51808571428571
1.50151015228426
1.50126153846154
1.50782352941176
1.51860567010309
1.50270572916667
1.55605181347150
1.48198241206030
1.43919444444444
1.52496491228070
1.50443556701031
1.51469897959184
1.51683076923077
1.53862086513995
1.54514615384615
1.48629280397022
1.44359459459459
1.53655216284987
1.52675064267352
1.52513624678663
1.53923155216285
1.54184155844156
1.49676190476190
1.54205927835052
1.52798469387755
1.53761363636364
1.53167095115681
1.51842039800995
1.59385459183673
1.54077419354839
1.59068489583333
1.61248320413437
1.60569820971867
1.51075862068966
1.48666502463054
1.50787654320988
1.58028645833333
1.56672051282051
1.54518796992481
1.57006750000000
1.54067418546366
1.56201558441558
1.66045967741936
1.61484880636605
1.61072519083969
1.60407848101266
1.62275718015666
1.53488636363636
1.54838461538462
1.58924050632911
1.56236040609137
1.53602015113350
1.61746212121212
1.55514713216958
1.60837662337662
1.52215880893300
1.58967624020888
1.55075555555556
1.50770471464020
1.57925500000000
1.61999488491049
1.57227777777778
1.62171867007673
1.66690176322418
1.58345979899497
1.57265920398010
1.62573282442748
1.62746700507614
1.54013118811881
1.62073047858942
1.56972772277228
1.56592602040816
1.58712182741117
1.58444274809160
1.63441326530612
1.60700508905852
1.67490625000000
1.64204859335038
1.63923979591837
1.64940664961637
1.67119794344473
1.62295443037975
1.56258942065491
1.64133854166667
1.61240664961637
1.62175376884422
1.68480569948187
1.61405867346939
1.65998200514139
1.60666583541147
1.63910353535354
1.63186768447837
1.62388161209068
1.55463476070529
1.67556233421751
1.67117447916667
1.61207594936709
1.65371025641026
1.62845959595960
1.67960104986877
1.64461298701299
1.60732581453634
1.63172845953003
1.65608771929825
1.56813861386139
1.57997500000000
1.60015288220551
1.59697810218978
1.65390673575130
1.64954973821990
1.57871788413098
1.58698241206030
1.69158333333333
1.73895275590551
1.62839793281654
1.57676485148515
1.66110275689223
1.66628974358974
1.58794923857868
1.69254123711340
1.66686787564767
1.59653030303030
1.60450765306122
1.58114143920596
1.55217705735661
1.58437844611529
1.63286835443038
1.59130653266332
1.58586479591837
1.62288804071247
1.65123273657289
1.70222774869110
1.63000753768844
1.62159541984733
1.63291370558376
1.66654780361757
1.59138046272494
1.68550255102041
1.70559466666667
1.62325000000000
1.61851005025126
1.58585463659148
1.62579699248120
1.65001785714286
1.59947043701799
1.63554020100503
1.63492327365729
1.57243828715365
1.57591094147583
1.58056079404467
1.65700767263427
1.59124310776942
1.64540208877285
1.65293005181347
1.56219095477387
1.57480818414322
1.63186802030457
1.65613299232737
1.63402025316456
1.54245476772616
1.58350000000000
1.56217468354430
1.63542297650131
1.63073453608247
1.58853030303030
1.57966582278481
1.61948825065274
1.51846650124069
1.54587254901961
1.60855163727960
1.63292248062016
1.57462907268170
1.50237655860349
1.62966062176166
1.53550248756219
1.59734263959391
1.59624874371859
1.65647545219638
1.62227604166667
1.62837371134021
1.58597201017812
1.60882608695652
1.58668733850129
1.63884415584416
1.58053746770026
1.53952405063291
1.54284090909091
1.59838190954774
1.57009045226131
1.55347979797980
1.64965974025974
1.58664810126582
1.56912531969309
1.62553664921466
1.54312878787879
1.53325661375661
1.54584771573604
1.64569151670951
1.52865909090909
1.57113076923077
1.61002313624679
1.61671538461538
1.60779328165375
1.54221938775510
1.53306313131313
1.57501518987342
1.53796923076923
1.50573551637280
1.56751399491094
1.58669743589744
1.56539386189258
1.55218592964824
1.55392151898734
1.52080798004988
1.58536269430052
1.58701804123711
1.51447222222222
1.53193589743590
1.54959067357513
1.52418112244898
1.54170025188917
1.53214358974359
1.49205089058524
1.53796437659033
1.47996782178218
1.60063779527559
1.59529842931937
1.57735805626598
1.56070466321244
1.55930946291560
1.51139847715736
1.54093483709273
1.50521750000000
1.57831782945736
1.52545569620253
1.54376649746193
1.56708638743455
1.49567258883249
1.53690000000000
1.50494191919192
1.50354871794872
1.54564583333333
1.47421025641026
1.47743216080402
1.54196632124352
1.58969642857143
1.52674489795918
1.48319949494949
1.48477721518987
1.48301763224181
1.47691898734177
1.47488721804511
1.48695707070707
1.49654846938776
1.45310301507538
1.53710101010101
1.51706410256410
1.48579795396419
1.48390931989924
1.41664851485149
1.48894818652850
1.48742025316456
1.50109819121447
1.50754755784062
1.51328571428571
1.37010073710074
1.46606632653061
1.47977634961440
1.42597201017812
1.48437859007833
1.50823979591837
1.49981443298969
1.45691370558376
1.43669743589744
1.44653727506427
1.41622250000000
1.47341730279898
1.52972727272727
1.51501856763926
1.42398014888337
1.42290726817043
1.47977777777778
1.42366165413534
1.50667263427110
1.45341581632653
1.46304663212435
1.42819796954315
1.40849367088608
1.42859067357513
1.52449869451697
1.48596093750000
1.43619298245614
1.44987046632124
1.44163131313131
1.49292689295039
1.46458375634518
1.42346529562982
1.43395372750643
1.44455297157623
1.44042199488491
1.44403341902314
1.40717302798982
1.46168992248062
1.44925255102041
1.45187341772152
1.43709948979592
1.41911253196931
1.44426410256410
1.45516966580977
1.41531695331695
1.41831829573935
1.40682216494845
1.46925714285714
1.46070332480818
1.40227500000000
1.40827040816327
1.44764507772021
1.50437665782493
1.45334090909091
1.40608375634518
1.48724538258575
1.42296491228070
1.46162659846547
1.38557178841310
1.47940206185567
1.45378350515464
1.47521354166667
1.45569565217391
1.41899740932642
1.46204687500000
1.38756363636364
1.49079842931937
1.48679895561358
1.41993316195373
1.42321356783920
1.46345897435897
1.49062005277045
1.42658397932817
1.43040051679587
1.41968435013263
1.39407052896725
1.40857800511509
1.42280548628429
1.41218546365915
1.43792875318066
1.41678117048346
1.44139042821159
1.42726530612245
1.43027611940299
1.41246564885496
1.45625520833333
1.42687272727273
1.44896891191710
1.43743444730077
1.42949113924051
1.42555025125628
1.36667796610169
1.41428822055138
1.38296268656716
1.34802736318408
1.47623076923077
1.44309620253165
1.36420050761421
1.44712532637076
1.40263341645885
1.43422307692308
1.34919354838710
1.41537595907928
1.45405852417303
1.45368542199488
1.41037886597938
1.40268542199489
1.40930788804071
1.43460668380463
1.45980051150895
1.43812468193384
1.40596938775510
1.42087660668380
1.42060154241645
1.46028092783505
1.40954452926209
1.38101763224181
1.41207196029777
1.39046649484536
1.39701036269430
1.38964285714286
1.38937721518987
1.39648860759494
1.35506218905473
1.44504724409449
1.36953846153846
1.46221483375959
1.34843181818182
1.42225063291139
1.38306329113924
1.40829620253165
1.48509660574413
1.38315617128464
1.43304896907217
1.37231670822943
1.39221518987342
1.31648402948403
1.42001794871795
1.40944416243655
1.40549484536082
1.36997208121827
1.41921662468514
1.48193994778068
1.39438539042821
1.39458603491272
1.41635751295337
1.42428385416667
1.38158395989975
1.44662565445026
1.38871208226221
1.40350881612091
1.44375710594315
1.40077250000000
1.40806060606061
1.37716873449132
1.38744110275689
1.43707868020305
1.43796083550914
1.39836708860760
1.37405693069307
1.42348232323232
1.38176500000000
1.41470694087404
1.37634673366834
1.42359846547315
1.42425944584383
1.37889447236181
1.38611195928753
1.42626884422111
1.41275879396985
1.40652051282051
1.49298416886544
1.47310152284264
1.46857963446475
1.37130050505051
1.38946329113924
1.37655472636816
1.45219023136247
1.40502051282051
1.40830456852792
1.37120343137255
1.43827906976744
1.45702864583333
1.42451898734177
1.43661868686869
1.44753488372093
1.42944887780549
1.44915601023018
1.42816368286445
1.42921938775510
1.47664566929134
1.41882828282828
1.37653670886076
1.37143209876543
1.37498743718593
1.37192191435768
1.45941772151899
1.40953904282116
1.41492079207921
1.46291250000000
1.49459796437659
1.41289447236181
1.46308268733850
1.46508268733850
1.50994933333333
1.48732124352332
1.47044329896907
1.42058852867830
1.43307106598985
1.49079792746114
1.48478516624041
1.48987212276215
1.50302590673575
1.47301017811705
1.46691094147583
1.43444696969697
1.50245547073791
1.54659220779221
1.41083004926108
1.49243181818182
1.47269053708440
1.50082564102564
1.43605000000000
1.50550000000000
1.47691857506361
1.54866578249337
1.48347341772152
1.53053470437018
1.50186458333333
1.46870304568528
1.54424736842105
1.54166842105263
1.52762827225131
1.49020000000000
1.49644615384615
1.46539066339066
1.51301282051282
1.51161712846348
1.53802531645570
1.48783547557841
1.48733753148615
1.55604392764858
1.58256103896104
1.53362176165803
1.58268380462725
1.52657142857143
1.52491237113402
1.61222222222222
1.52582233502538
1.51618227848101
1.62160779220779
1.50522391857506
1.53067012987013
1.58070542635659
1.57958247422680
1.49919493670886
1.56768513853904
1.59400767263427
1.61292248062016
1.54620822622108
1.58068393782383
1.51896446700508
1.51852970297030
1.55879898218830
1.69471313672922
1.56619240506329
1.53310617283951
1.69178441558442
1.58004884318766
1.58273834196891
1.56135839598997
1.57229601990050
1.55976119402985
1.59851020408163
1.61427390180879
1.65940625000000
1.63757179487180
1.58827455919395
1.61224500000000
1.59472634271100
1.63538020833333
1.61688010204082
1.68016834170854
1.62995372750643
1.62424218750000
1.66909870129870
1.63421298701299
1.59963390663391
1.61331234256927
1.66598704663212
1.63448724489796
1.68693798449612
1.74322015915119
1.72199224806202
1.69075064935065
1.59273019801980
1.57012686567164
1.69834920634921
1.69970129870130
1.69761718750000
1.62408395061728
1.65050629722922
1.67817647058824
1.62648628428928
1.64501256281407
1.69792071611253
1.67098488664987
1.67325124378109
1.69260305343511
1.66165217391304
1.71728272251309
1.73262953367876
1.73566925064599
1.69055527638191
1.72785347043702
1.69982687338501
1.68982531645570
1.74465552699229
1.73062597402597
1.71974307304786
1.71817705735661
1.72564781491003
1.72784422110553
1.67364837905237
1.75440469973890
1.68111898734177
1.78382307692308
1.75975193798450
1.81104896907217
1.75137239583333
1.73623989898990
1.73418066157761
1.79078067885118
1.68088832487310
1.73583333333333
1.75916455696203
1.74785500000000
1.85044386422977
1.74377667493797
1.78582608695652
1.80119035532995
1.73163705583756
1.78224494949495
1.78416202531646
1.75565139949109
1.80418798955614
1.78861794871795
1.78219799498747
1.77664720812183
1.75657614213198
1.77310831234257
1.79333417721519
1.82859536082474
1.79897943444730
1.81565974025974
1.82211340206186
1.87216363636364
1.72732581453634
1.81986666666667
1.82593233082707
1.71318872549020
1.73537406483791
1.87438481012658
1.85445384615385
1.75605500000000
1.81621994884911
1.80419298245614
1.80531658291457
1.88798677248677
1.78596473551637
1.78805852417303
1.86522279792746
1.74445679012346
1.84200519480520
1.77898743718593
1.76785679012346
1.82880000000000
1.81599748743719
1.79916500000000
1.87060913705584
1.81131007751938
1.79568500000000
1.82958762886598
1.83214393939394
1.82541831683168
1.95145312500000
1.84309137055838
1.71714108910891
1.91025897435897
1.89829367088608
1.88265500000000
1.88530710659898
1.86406965174129
1.88008142493639
1.86310714285714
1.90348167539267
1.86136386768448
1.88201511335013
1.90195500000000
1.98652590673575
2.00286753246753
1.86306783919598
1.89799226804124
1.86561025641026
1.90073401534527
1.85945161290323
1.92312594458438
1.92006958762887
1.91668461538462
1.95285714285714
1.82143765281174
1.96549222797927
1.95697455470738
1.93970153061225
1.88813924050633
1.90398500000000
1.92401522842640
1.90038596491228
1.88692803970223
1.88243112244898
1.84776456310680
1.86739454094293
2.01642077922078
1.96817968750000
1.93982005141388
1.93627461139896
1.88983622828784
1.91046650124069
1.87866666666667
1.96794315245478
1.94937974683544
1.90043523316062
1.92592250000000
1.96103291139241
1.88985286783042
1.98412500000000
1.92695384615385
1.94814987080103
1.92942065491184
1.98891538461538
1.95397236180905
1.90065491183879
2.03029457364341
1.96587596899225
1.90736597938144
1.92778092783505
1.97341919191919
1.93581772151899
1.90818750000000
1.94867101827676
1.98566580310881
1.94590769230769
1.94615306122449
1.93097637795276
1.94636989795918
2.00211398963731
1.84297222222222
1.90659240506329
1.92281389578164
1.99757692307692
1.97315051020408
1.89524556962025
2.01614871794872
1.95170229007634
1.88838888888889
1.88501485148515
2.02803316326531
1.95373182957393
1.96891094147583
2.02972051282051
2.11298697916667
2.00565384615385
1.93727431421446
2.07910389610390
1.99297922077922
1.98188131313131
1.97269367088608
1.91287250000000
1.96673857868020
1.98643298969072
1.97695064935065
1.91637055837563
1.90779166666667
1.99953865336658
1.94107556675063
1.92659057071960
1.97025319693095
1.88846699266504
1.96009644670051
1.94540000000000
2.00577023498695
1.93524365482234
1.99413197969543
1.92912814070352
1.95799489795918
1.92326799007444
1.92766331658291
2.00737179487180
1.95723134328358
1.89878163771712
1.95731658291457
2.03930000000000
1.88436453201970
1.95136923076923
1.97601023017903
1.97511928934010
1.98486375321337
1.90025252525253
1.95928423772610
1.97314177215190
2.00753076923077
1.98664358974359
1.95016145833333
1.99267506297229
1.94279900744417
1.89824310776942
1.97106870229008
1.90292269326683
1.87941975308642
1.94687692307692
1.98661381074169
1.99050890585242
1.99499483204134
1.98972916666667
2.08053263707572
1.93269696969697
1.98679069767442
2.03186753246753
1.93520153061225
1.94759383033419
1.98647258485640
1.94895618556701
1.90262626262626
1.86153417721519
1.82425679012346
1.95682205513784
1.85958250000000
1.95101295336788
1.89585964912281
1.89436111111111
1.97686046511628
1.95154046997389
1.88092911392405
1.91882820512821
1.89825692695214
1.77417487684729
1.87008928571429
1.96757702349869
1.91597222222222
1.90475641025641
1.89871898734177
1.99114621409922
1.95875128205128
1.90327918781726
1.84474371859296
1.89591688311688
1.93363427109974
1.99264210526316
1.93882784810127
1.95755958549223
1.94085492227979
1.98379947229551
1.96015584415584
1.91355699481865
1.89552429667519
1.94562148337596
1.85222222222222
1.89199489795918
1.81387594936709
1.89225192802057
1.79581795511222
1.82591435768262
1.86241396508728
1.82390523690773
1.85450126582278
1.90618251928021
1.93967272727273
1.87010075566751
1.84566748166259
1.82073027989822
1.87052806122449
1.91698701298701
1.83859398496241
1.85027604166667
1.80220603015075
1.87034278350515
1.87705343511450
1.79614000000000
1.80797732997481
1.80094670050761
1.81778337531486
1.84900000000000
1.85214766839378
1.74128784119107
1.77546766169154
1.85148724489796
1.85928756476684
1.82015113350126
1.77308977556110
1.85997637795276
1.88502056555270
1.90196632124352
1.76580548628429
1.82232908163265
1.76529974811083
1.84174473684211
1.78351538461538
1.82332736572890
1.85468668407311
1.92040740740741
1.84114285714286
1.75387286063570
1.93687894736842
1.89932533333333
1.84306169665810
1.81863802083333
1.78007594936709
1.83799488491049
1.78097698209719
1.69937530864198
1.76734000000000
1.84263589743590
1.76796907216495
1.75776455696203
1.74791228070175
1.71699752475248
1.78628753180662
1.86952105263158
1.80253727506427
1.73862814070352
1.84230263157895
1.80295348837209
1.76902512562814
1.74510632911392
1.74370558375635
1.76865648854962
1.79326854219949
1.70704714640199
1.76098737373737
1.77130534351145
1.73335623409669
1.72651385390428
1.71565822784810
1.73589090909091
1.73804292929293
1.81648843187661
1.82954947916667
1.77199748743719
1.70543358395990
1.69078140703518
1.76745431472081
1.73536775818640
1.63649629629630
1.68444444444444
1.76223469387755
1.75172081218274
1.69294910941476
1.66646419753086
1.68153217821782
1.74823724489796
1.70259493670886
1.71448843187661
1.72520308483291
1.67636432160804
1.66747029702970
1.69141794871795
1.67347630922693
1.68547208121827
1.71373417721519
1.73460880829016
1.76054617414248
1.64442424242424
1.70178625954198
1.70439164490862
1.70112755102041
1.66084328358209
1.67540359897172
1.72035732647815
1.68381818181818
1.72543152454780
1.71301250000000
1.64806940874036
1.65472264631043
1.67364000000000
1.63475500000000
1.77660582010582
1.64810714285714
1.74706299212598
1.59289027431421
1.73429820051414
1.72545194805195
1.61349746192893
1.65752261306533
1.65194041450777
1.67567098445596
1.72186422976501
1.69057069408740
1.63126804123711
1.67753571428571
1.66119387755102
1.64831738035264
1.61854177215190
1.64336815920398
1.67576130653266
1.65019647355164
1.59181795511222
1.65679643765903
1.68444245524297
1.67872236503856
1.63907633587786
1.59482687338501
1.69373126614987
1.70011111111111
1.65610051546392
1.59618844221106
1.60692443324937
1.62983165829146
1.64045918367347
1.68572965879265
1.61966923076923
1.62138481012658
1.59549751243781
1.59788235294118
1.61638501291990
1.62761636828645
1.65595336787565
1.64205426356589
1.58439205955335
1.63705102040816
1.64455242966752
1.59109774436090
1.60667424242424
1.58165075376884
1.59263938618926
1.60855276381910
1.63198000000000
1.62874484536082
1.55514786967419
1.63598721227622
1.56672474747475
1.61919896640827
1.57005778894472
1.56662222222222
1.58462857142857
1.58028822055138
1.65398191214470
1.60773401534527
1.59469897959184
1.55499508599509
1.52722982885086
1.57661654135338
1.63660459183673
1.59961323155216
1.55616176470588
1.58350890585242
1.64998950131234
1.59552162849873
1.64004081632653
1.59499246231156
1.66510526315789
1.62131457800512
1.60843298969072
1.53526130653266
1.53918159203980
1.58229516539440
1.59037628865979
1.59861757105943
1.63104071246819
1.63177519379845
1.65656217616580
1.60680506329114
1.53500000000000
1.59087719298246
1.55518434343434
1.58349357326478
1.56805822784810
1.51812345679012
1.62136434108527
1.63311538461538
1.66201288659794
1.62535509138381
1.61148628428928
1.65016753926702
1.58469565217391
1.60959590792839
1.60142713567839
1.61796969696970
1.67375000000000
1.61385316455696
1.61756997455471
1.62159033078880
1.60522762148338
1.64625706940874
1.63329411764706
1.62992987012987
1.60130051813471
1.60964615384615
1.56947826086957
1.68536434108527
1.59165984654731
1.59595177664975
1.55607197943445
1.58936989795918
1.57397474747475
1.55082044887781
1.61982025316456
1.56438500000000
1.60097692307692
1.59343000000000
1.62302040816327
1.56810421836228
1.65816071428571
1.59007323232323
1.66596093750000
1.66628608247423
1.62100761421320
1.65449104859335
1.66031853785901
1.57469154228856
1.58740399002494
1.62478947368421
1.64187692307692
1.63014720812183
1.69729198966408
1.69747545219638
1.62651522842640
1.57100751879699
1.59639949748744
1.64660050890585
1.61892620865140
1.64427525252525
1.62908205128205
1.64988664987406
1.63453266331658
1.69128497409326
1.66312596401028
1.64341902313625
1.65277040816327
1.67064376590331
1.59325188916877
1.69049226804124
1.62877353689567
1.62598009950249
1.60663104325700
1.58000249376559
1.69330989583333
1.60186445012788
1.69968205128205
1.71111518324607
1.63972010178117
1.60473067331671
1.54522084367246
1.64506234413965
1.65528753180662
1.67837721518987
1.68848346055980
1.69112820512821
1.68384948979592
1.69400510204082
1.65770466321244
1.65596930946292
1.67905714285714
1.71466581632653
1.69524296675192
1.67568380462725
1.62138874680307
1.72242408376963
1.65061224489796
1.67844162436548
1.63817380352645
1.68281750000000
1.69821963824289
1.70455102040816
1.73971032745592
1.72487341772152
1.77612271540470
1.78317414248021
1.73016623376623
1.75024155844156
1.75996907216495
1.80680939947781
1.68117005076142
1.65587893462470
1.66843544303797
1.72290025575448
1.64380701754386
1.71034430379747
1.78906561679790
1.70214102564103
1.79293573264781
1.76532637075718
1.68442144638404
1.71714177215190
1.68521144278607
1.71317048346056
1.76463824289406
1.78036760925450
1.74709273182957
1.77214572864322
1.81646632124352
1.80551030927835
1.67226108374384
1.77441370558376
1.77663613231552
1.72615538847118
1.76850645994832
1.78439230769231
1.81368939393939
1.78509873417722
1.81083896103896
1.83202337662338
1.76539097744361
1.72648101265823
1.82424031007752
1.80914470284238
1.79279389312977
1.80494845360825
1.73508629441624
1.83718546365915
1.77565394402036
1.76979145728643
1.72860740740741
1.81192287917738
1.80563589743590
1.85561439588689
1.85369309462916
1.89376275510204
1.85156443298969
1.84142077922078
1.79805289672544
1.84802813299233
1.89867095115681
1.84035532994924
1.84801538461538
1.84727835051546
1.84581108312343
1.84458778625954
1.85247668393782
1.81713333333333
1.80012144702842
1.87025126903553
1.88796344647520
1.82518656716418
1.84245614035088
1.86510617283951
1.85478908188586
1.89058040201005
1.83107070707071
1.96833589743590
1.88809137055838
1.88002272727273
1.88221483375959
1.89469620253165
1.85945477386935
1.85276708860759
1.88963797468354
1.90243544303797
1.90078826530612
1.91362561576355
1.92652405063291
1.90605665024631
2.00757800511509
1.93751776649746
1.97113881748072
1.88211500000000
1.98516492146597
1.92863613231552
1.95179487179487
2.02641085271318
2.01981443298969
1.88489800995025
1.98610886075949
1.98486901763224
2.00338402061856
1.99100000000000
2.00844274809160
2.04846493506494
1.98979487179487
2.05556041131105
1.95357213930348
1.94704750000000
2.14267989417989
2.06545974025974
2.05072634271100
2.20398907103825
1.99388442211055
2.05722842639594
2.10187338501292
1.99170632911392
2.00947314578005
2.03324615384615
2.01524623115578
2.03401818181818
2.04098449612403
2.05416030534351
2.05598009950249
2.08068367346939
2.11687926509186
2.08687341772152
2.05892506459948
2.04644501278772
2.06991645569620
2.11551937984496
2.07028354430380
2.07391815856778
2.07673067331671
2.04425563909774
2.07397201017812
2.16303886010363
2.09567179487180
2.09826381909548
2.07973007712082
2.07668101265823
2.16614435695538
2.10901038961039
2.12704381443299
2.16917277486911
2.14436528497409
2.12620360824742
2.16177979274611
2.02175434243176
2.09186375321337
2.08014000000000
2.13032061068702
2.13795959595960
2.10248379052369
2.16416752577320
2.12707828282828
2.16110579345088
2.18540920716113
2.17341514360313
2.15275064267352
2.15598461538462
2.12122391857506
2.11895064935065
2.19909793814433
2.17528680203046
2.13409948979592
2.13684754521964
2.24093506493507
2.21737922077922
2.24472222222222
2.19582070707071
2.17754430379747
2.25477142857143
2.15011959287532
2.17550886075949
2.22913402061856
2.20384500000000
2.14070000000000
2.21602250000000
2.21938560411311
2.20587688442211
2.26531887755102
2.18501995012469
2.27843193717278
2.22942893401015
2.26548730964467
2.26763476070529
2.24280916030534
2.14002985074627
2.24813784461153
2.33271391752577
2.18208020050125
2.25698756218905
2.27209367088608
2.25846547314578
2.17193283582090
2.26523076923077
2.31118157894737
2.35736702127660
2.29295641025641
2.30733333333333
2.25230226700252
2.45389893617021
2.29380103359173
2.32645268542200
2.37056072351421
2.37226329113924
2.32903307888041
2.20031435643564
2.28163197969543
2.29674479166667
2.34041666666667
2.32616751269036
2.35240101522843
2.33245128205128
2.28184143222506
2.28416030534351
2.27489873417722
2.41357033248082
2.41155729166667
2.39012565445026
2.36786632390746
2.45876719576720
2.30241221374046
2.46614973262032
2.37433333333333
2.44377002583979
2.41521875000000
2.35021319796954
2.36433070866142
2.35304568527919
2.37314766839378
2.34536103896104
2.35831297709924
2.37261012658228
2.38088917525773
2.41371576227390
2.39184754521964
2.43239843750000
2.44699480519481
2.39432299741602
2.39660411311054
2.40583028720627
2.36380512820513
2.43922938144330
2.39854846938776
2.41268671679198
2.36701785714286
2.37606649616368
2.36096977329975
2.36379850746269
2.46382124352332
2.41630867346939
2.33994235588972
2.40798488664987
2.48361636828645
2.44906443298969
2.40107178217822
2.44005974025974
2.35612531328321
2.36398227848101
2.36595959595960
2.44188974358974
2.50072680412371
2.47749238578680
2.41212244897959
2.37059125964010
2.50360362694301
2.49800765306122
2.38124427480916
2.54907466666667
2.44042278481013
2.32682044887781
2.44397969543147
2.49092544987147
2.47359326424871
2.53109207161125
2.43898974358974
2.42269211195929
2.45515829145729
2.40051168831169
2.42807673267327
2.49920460358056
2.37705735660848
2.46502544529262
2.42393969849246
2.49475757575758
2.44028826530612
2.49949476439791
2.43081909547739
2.47522193877551
2.55855038759690
2.57156185567010
2.46478371501272
2.39238847117794
2.57799476439791
2.62316883116883
2.54079328165375
2.51642493638677
2.46603960396040
2.55360201511335
2.45470603015075
2.56276214833760
2.45498469387755
2.42018965517241
2.46314141414141
2.50763476070529
2.60706561679790
2.50995928753181
2.48653488372093
2.55259791122715
2.52082939632546
2.50165473145780
2.43920448877805
2.47611616161616
2.42673250000000
2.44669773299748
2.54356735751295
2.46786153846154
2.36814141414141
2.60948849104859
2.56982367758186
2.52614322250639
2.45648750000000
2.40051870324190
2.62563129973475
2.43869230769231
2.48808060453401
2.56084514435696
2.55443523316062
2.51625634517767
2.50440759493671
2.55054123711340
2.44934936708861
2.49448186528497
2.51371319796954
2.62414948453608
2.52770202020202
2.51472361809045
2.46372236503856
2.39120493827161
2.49418546365915
2.45617037037037
2.46119240506329
2.58829457364341
2.52780506329114
2.45189058524173
2.48303544303797
2.50803022670025
2.51503125000000
2.52811627906977
2.43195865633075
2.46491071428571
2.59878865979381
2.54712051282051
2.45816539440204
2.42060705289673
2.50848492462312
2.64457364341085
2.47780303030303
2.59529133858268
2.51559445843829
2.56009487179487
2.49631362467866
2.57433419689119
2.48394329896907
2.54762025316456
2.61269922879177
2.49725641025641
2.57976863753213
2.44025742574257
2.47581060606061
2.48244862155388
2.58329923273657
2.53239018087855
2.45614141414141
2.48175888324873
2.45555329949239
2.46758121827411
2.46087218045113
2.45912658227848
2.51438888888889
2.48212531328321
2.51981364829396
2.58756410256410
2.49709045226131
2.40752777777778
2.49988916876574
2.53670025188917
2.37554320987654
2.43525000000000
2.50363612565445
2.50232989690722
2.53155778894472
2.37845721271394
2.53750512820513
2.54524739583333
2.56453562005277
2.43455949367089
2.54059585492228
2.42665336658354
2.55317241379310
2.46755388471178
2.54449738219895
2.47316112531969
2.46622365038560
2.49782642487047
2.45908461538462
2.50327202072539
2.61812500000000
2.42061557788945
2.51409020618557
2.55790649350649
2.57539062500000
2.55877862595420
2.50795538057743
2.53599740259740
2.43921134020619
2.41918829516539
2.46107969151671
2.54281653746770
2.35032592592593
2.45127363184080
2.38268354430380
2.53344125326371
2.48095372750643
2.44946923076923
2.44814177215190
2.52824296675192
2.56646335078534
2.40065909090909
2.45452671755725
2.47895396419437
2.44051392405063
2.54746233766234
2.46316372795970
2.48824870466321
2.55874202127660
2.38022388059702
2.42134889434889
2.50128244274809
2.54710443864230
2.49571059431525
2.50774025974026
2.39485074626866
2.44235218508997
2.55277179487180
2.42710804020101
2.38377608142494
2.45734526854220
2.47417557251908
2.36926000000000
2.45375388601036
2.52780526315790
2.49893193717277
2.46974424552430
2.44956632653061
2.46636828644501
2.29056608478803
2.38548370927318
2.42165463917526
2.39020049504951
2.37140298507463
2.43632741116751
2.43518295739348
2.52369816272966
2.46594210526316
2.44545618556701
2.34065903307888
2.37558375634518
2.46140414507772
2.45934782608696
2.47477215189873
2.40657106598985
2.35668354430380
2.39692131979695
2.42785863874346
2.29414786967419
2.26667401960784
2.41447028423773
2.40745063291139
2.28815970515971
2.36268877551020
2.46358823529412
2.34673000000000
2.37514824120603
2.35037055837563
2.36033165829146
2.46299483204134
2.49911428571429
2.33258227848101
2.44558717948718
2.37735101010101
2.31545780051151
2.30252658227848
2.42095077720207
2.39436828644501
2.32221750000000
2.35117811704835
2.33226381909548
2.36222538860104
2.28513965087282
2.37957364341085
2.38454314720812
2.46293281653747
2.44923195876289
2.35737404580153
2.34382619647355
2.30643927648579
2.31932914572864
2.39703350515464
2.33022025316456
2.30554177215190
2.28214285714286
2.41454659949622
2.29029353233831
2.36023724489796
2.34834545454545
2.26815328467153
2.35514833759591
2.42182124352332
2.37909375000000
2.23290196078431
2.31147355163728
2.27434848484849
2.29099752475248
2.31840966921120
2.41200254452926
2.36942493638677
2.30323096446701
2.34997974683544
2.34860759493671
2.30658418367347
2.39481025641026
2.34029797979798
2.36311450381679
2.37353435114504
2.28927525252525
2.33485974025974
2.34497927461140
2.30723192019950
2.23215270935961
2.43297637795276
2.37703875968992
2.34026448362720
2.33427135678392
2.34027792207792
2.34436989795918
2.26629230769231
2.34830051813471
2.29963104325700
2.21970935960591
2.32123834196891
2.31411989795918
2.37549750000000
2.24189552238806
2.24077000000000
2.28549373433584
2.25532250000000
2.35279792746114
2.30933248730964
2.27817468354430
2.31182005141388
2.26372361809045
2.36798469387755
2.36360158311346
2.28948009950249
2.33479081632653
2.33984061696658
2.27390839694657
2.31926478149100
2.37278010471204
2.27618556701031
2.37693947368421
2.23407035175879
2.24468750000000
2.25368513853904
2.20392926829268
2.20267160493827
2.28050387596899
2.22721158690176
2.30736082474227
2.28828191489362
2.26780205655527
2.30128244274809
2.26587153652393
2.31710335917313
2.21735805626598
2.40355064935065
2.28460559796438
2.30802597402597
2.26080620155039
2.25997250000000
2.31690025575448
2.21858000000000
2.16030886075949
2.26178516624041
2.24346214099217
2.28242199488491
2.35274540682415
2.25074742268041
2.19240909090909
2.34095064935065
2.26919289340102
2.31516709511568
2.26223979591837
2.32643489583333
2.25551804123711
2.19231313131313
2.25331486146096
2.28234196891192
2.22975063613232
2.30295454545455
2.24011025641026
2.30881395348837
2.27161675126904
2.18139803439803
2.22911138613861
2.21669696969697
2.16594776119403
2.24908673469388
2.28250895140665
2.18713022113022
2.21426153846154
2.19737215189873
2.27105943152455
2.32294285714286
2.23509137055838
2.20558585858586
2.16547512437811
2.23173521850900
2.22012342569270
2.15176785714286
2.25382352941177
2.19723809523810
2.23060824742268
2.19098518518519
2.20029000000000
2.25547938144330
2.19743859649123
2.18422055137845
2.30210937500000
2.28859278350516
2.22501025641026
2.25332727272727
2.15722332506203
2.14282775119617
2.18916209476309
2.27443342036554
2.19362051282051
2.19981218274112
2.26834203655352
2.33952380952381
2.17190126582278
2.25627249357327
2.20478316326531
2.17135353535354
2.16496373056995
2.19360913705584
2.18849744897959
2.30427894736842
2.13305778894472
2.12167000000000
2.18139646464646
2.25961696658098
2.20235324675325
2.29430051813472
2.26524296675192
2.29391773778920
2.21432080200501
2.20367175572519
2.20894444444444
2.19184634760705
2.23065473145780
2.22458121827411
2.27602061855670
2.25382857142857
2.18544501278772
2.19705583756345
2.18647355163728
2.19213300492611
2.10522604422604
2.13721197007481
2.15367654320988
2.22974874371859
2.11503712871287
2.39290026246719
2.16352618453865
2.30636197916667
2.23240310077519
2.29812566844920
2.12383209876543
2.20104000000000
2.13348071979434
2.25948320413437
2.22584500000000
2.32899483204134
2.28921671018277
2.21407537688442
2.30477061855670
2.27654615384615
2.13247407407407
2.22723255813954
2.25563104325700
2.20050757575758
2.22322025316456
2.23596373056995
2.27839787798409
2.36057631578947
2.21011027568922
2.36659114583333
2.27449481865285
2.24691948051948
2.19501785714286
2.25133670886076
2.16746115288221
2.27535248041775
2.21156565656566
2.19685250000000
2.27693333333333
2.23304884318766
2.22870153061225
2.15396821515892
2.27119329896907
2.20479750000000
2.28617187500000
2.21216541353383
2.24147959183673
2.21451908396947
2.34903403141361
2.21625699745547
2.20085569620253
2.29462729658793
2.21447073791349
2.22171501272265
2.26835204081633
2.24676683937824
2.22469974554707
2.18644000000000
2.29418527918782
2.26129336734694
2.19957142857143
2.15218114143921
2.34249606299213
2.27871099744246
2.22857868020305
2.22432816537468
2.27241645244216
2.26861794871795
2.20280589680590
2.22041645885287
2.24937055837563
2.28485101010101
2.30294387755102
2.27549620253165
2.25395297029703
2.26673551637280
2.29677120822622
2.36222704081633
2.17092874692875
2.30231578947368
2.28709635416667
2.28401804123711
2.22790609137056
2.21364837905237
2.30597236180905
2.23346750000000
2.26854385964912
2.31617676767677
2.24181074168798
2.31360000000000
2.21847536945813
2.37227225130890
2.30854198473282
2.31628244274809
2.28907769423559
2.48933593750000
2.37043814432990
2.32555754475703
2.32862755102041
2.20971250000000
2.32816030534351
2.34961989795918
2.32170992366412
2.41877040816327
2.29783622828784
2.28706565656566
2.32951413881748
2.44143455497382
2.32138107416880
2.34051406649616
2.32492098765432
2.27933078880407
2.28778227848101
2.34362025316456
2.43045524296675
2.34374874371859
2.38169696969697
2.39602784810127
2.41076470588235
2.38298982188295
2.33215710723192
2.34151500000000
2.40398714652956
2.38255498721228
2.36702798982188
2.31541457286432
2.45075647668394
2.41076726342711
2.38333842239186
2.36860598503741
2.43195153061225
2.44650379746835
2.44994344473008
2.38549874686717
2.43206185567010
2.55597643979058
2.46465714285714
2.43685101010101
2.41013216957606
2.41945758354756
2.63602666666667
2.41899484536083
2.58945454545455
2.43578608247423
2.35182784810127
2.47895077720207
2.47716449086162
2.35754385964912
2.39177750000000
2.38270573566085
2.51764566929134
2.47572122762148
2.48432745591940
2.46915938303342
2.46577551020408
2.52690932642487
2.63896103896104
2.52575384615385
2.53509844559586
2.45566416040100
2.61210209424084
2.49120812182741
2.48703826530612
2.52849871465296
2.47394897959184
2.47816000000000
2.55063239074550
2.54005012531328
2.51832820512821
2.52751908396947
2.54984754521964
2.57289743589744
2.51888717948718
2.53575757575758
2.64183879093199
2.56387628865979
2.54734848484849
2.53803482587065
2.62634715025907
2.55594936708861
2.61821705426357
2.62195312500000
2.46261306532663
2.62816793893130
2.64651282051282
2.55930946291560
2.54400000000000
2.61337628865979
2.58366666666667
2.64796344647520
2.59701799485861
2.53047263681592
2.59838874680307
2.62945876288660
2.62591836734694
2.56987212276215
2.63205063291139
2.66826196473552
2.62459595959596
2.66875000000000
2.60462915601023
2.58087179487179
2.68455696202532
2.64151515151515
2.63741687979540
2.68824873096447
2.68606683804627
2.69050761421320
2.62056410256410
2.72631979695431
2.68955000000000
2.71374371859296
2.61718826405868
2.57997500000000
2.61775308641975
2.71526582278481
2.66485788113695
2.71100257069409
2.72858974358974
2.66459390862944
2.66870558375635
2.66674185463659
2.71216145833333
2.72417948717949
2.70022727272727
2.76660714285714
2.67312182741117
2.76002564102564
2.74819095477387
2.72440806045340
2.76185567010309
2.75773778920308
2.75293059125964
2.78496221662469
2.81049222797927
2.79941919191919
2.79020618556701
2.73108860759494
2.75485933503836
2.75949874686717
2.69612345679012
2.83286802030457
2.75410579345088
2.78811414392060
2.77899014778325
2.66563591022444
2.86753213367609
2.86450127877238
2.75306905370844
2.80896984924623
2.82548223350254
3.05042895442359
2.90041558441558
2.92604591836735
2.85035623409669
2.85640506329114
2.93511688311688
2.79502500000000
2.90007692307692
2.95755844155844
2.96740359897172
2.97035897435897
2.92176767676768
2.91979487179487
2.94500000000000
2.78092500000000
2.91439897698210
2.82864102564103
2.93445292620865
2.94637532133676
2.92719696969697
2.81036945812808
2.95948586118252
2.86818407960199
3.00637532133676
2.93609819121447
3.03020779220779
2.89139240506329
2.98484536082474
3.02705729166667
2.90964646464647
3.00587467362924
2.91937655860349
3.03528967254408
3.04262467191601
2.86657568238213
3.01855329949239
2.86404040404040
2.97903797468354
2.88042288557214
3.05648717948718
3.06030534351145
3.06418136020151
3.04022842639594
3.08348837209302
2.96500000000000
3.00668329177057
3.03436868686869
3.08507731958763
3.06454314720812
3.07595854922280
3.15028571428571
3.09605128205128
3.16231362467866
3.00994974874372
3.09803526448363
2.98509090909091
3.16176020408163
2.99557213930348
3.06256345177665
3.08339240506329
3.05035353535354
3.03934177215190
3.13002512562814
3.09522959183673
3.00642317380353
2.99440000000000
3.07503875968992
3.17479057591623
3.12121827411168
3.13854961832061
3.06335012594459
3.09691326530612
3.17959390862944
3.11885204081633
3.05905370843990
3.19561403508772
3.16930051813472
3.13022900763359
3.19705882352941
3.19732323232323
3.11340909090909
3.19491094147583
3.19134020618557
3.16799492385787
3.13904282115869
3.06180451127820
3.07287841191067
3.13698453608247
3.22987146529563
3.23295629820051
3.20363636363636
3.22363171355499
3.33305912596401
3.11753731343284
3.16862244897959
3.21137404580153
3.18942355889724
3.18410126582278
3.17186868686869
3.21500000000000
3.22712121212121
3.15120000000000
3.18788413098237
3.13343589743590
3.32921671018277
3.18962406015038
3.20182044887781
3.24428211586902
3.13585607940447
3.16903797468354
3.35564766839378
3.13570000000000
3.26871536523930
3.31221374045802
3.26552971576227
3.25907692307692
3.21231738035264
3.30324873096447
3.29071246819338
3.33614987080103
3.27295039164491
3.28303108808290
3.22010256410256
3.15687657430731
3.30814720812183
3.27702233250620
3.22389027431421
3.30835443037975
3.31343669250646
3.24959899749373
3.45780104712042
3.33891752577320
3.29043256997456
3.28357326478149
3.36197994987469
3.41099737532808
3.36199488491049
3.40940874035990
3.39877604166667
3.23912500000000
3.21168734491315
3.32326530612245
3.33650510204082
3.38233502538071
3.42464935064935
3.21511278195489
3.33442748091603
3.32075187969925
3.27306329113924
3.26818858560794
3.46938303341902
3.22715000000000
3.29758186397985
3.34286082474227
3.37345088161209
3.39390977443609
3.35586118251928
3.47464751958225
3.46097186700767
3.29425000000000
3.39079487179487
3.47083756345178
3.37060606060606
3.42519083969466
3.30955555555556
3.46747422680412
3.35036082474227
3.44267676767677
3.44765306122449
3.47087403598972
3.47425316455696
3.33116915422886
3.34423940149626
3.45124365482234
3.51927648578811
3.54206266318538
3.41500000000000
3.66463104325700
3.56694300518135
3.46236641221374
3.50374683544304
3.39466334164589
3.42795000000000
3.57549479166667
3.57164556962025
3.56041558441558
3.51255102040816
3.62618798955614
3.46875949367089
3.60039164490862
3.66880519480520
3.52610000000000
3.60275510204082
3.48095000000000
3.56536895674300
3.76405684754522
3.55860406091371
3.67390180878553
3.50659147869674
3.50058673469388
3.77118556701031
3.71713554987212
3.59342639593909
3.87923884514436
3.74054123711340
3.57692893401015
3.80109042553192
3.61269922879177
3.64523195876289
3.64763959390863
3.61514066496164
3.72238961038961
3.78176470588235
3.64648717948718
3.53249376558603
3.54475124378109
3.56726600985222
3.63967171717172
3.75162025316456
3.66063775510204
3.70894206549118
3.66463291139241
3.66750642673522
3.62268354430380
3.60779448621554
3.73958549222798
3.60907928388747
3.88021052631579
3.65137755102041
3.54252500000000
3.68119402985075
3.69010152284264
3.72651399491094
3.65206185567010
3.81010230179028
3.63313283208020
3.79502590673575
3.74598484848485
3.83279069767442
3.68943069306931
3.57030226700252
3.78460154241645
3.58803526448363
3.69815189873418
3.64007537688442
3.59706896551724
3.69901763224181
3.65129675810474