424.869	2749
424.96	2741
425.05	2743
425.14	2737
425.231	2719
425.321	2734
425.412	2714
425.502	2721
425.593	2703
425.683	2706
425.774	2646
425.864	2699
425.954	2712
426.045	2673
426.135	2693
426.226	2673
426.316	2667
426.407	2649
426.497	2677
426.588	2701
426.678	2676
426.768	2678
426.859	2712
426.949	2687
427.04	2694
427.13	2657
427.221	2702
427.311	2697
427.401	2671
427.492	2686
427.582	2755
427.673	2752
427.763	2745
427.854	2781
427.944	2737
428.034	2683
428.125	2779
428.215	2773
428.306	2804
428.396	2799
428.487	2790
428.577	2814
428.667	2799
428.758	2811
428.848	2846
428.939	2841
429.029	2853
429.12	2875
429.21	2899
429.3	2877
429.391	2885
429.481	2902
429.572	2841
429.662	2913
429.752	2929
429.843	2887
429.933	2942
430.024	2928
430.114	2910
430.204	2930
430.295	2931
430.385	2906
430.476	2897
430.566	2949
430.657	2929
430.747	2949
430.837	3022
430.928	2965
431.018	2935
431.109	2961
431.199	2931
431.289	2961
431.38	2900
431.47	2900
431.561	2971
431.651	2924
431.741	2937
431.832	2941
431.922	2949
432.013	2932
432.103	2962
432.193	2939
432.284	2915
432.374	2932
432.465	2930
432.555	2937
432.645	2967
432.736	2970
432.826	2942
432.917	2955
433.007	2977
433.097	2990
433.188	2944
433.278	2975
433.368	2971
433.459	2955
433.549	2992
433.64	2967
433.73	3041
433.82	3040
433.911	3038
434.001	3066
434.092	3014
434.182	3054
434.272	3095
434.363	3080
434.453	3097
434.543	3084
434.634	3074
434.724	3129
434.815	3144
434.905	3128
434.995	3136
435.086	3157
435.176	3103
435.266	3153
435.357	3137
435.447	3175
435.538	3202
435.628	3167
435.718	3191
435.809	3173
435.899	3200
435.989	3156
436.08	3199
436.17	3161
436.261	3209
436.351	3213
436.441	3210
436.532	3187
436.622	3217
436.712	3227
436.803	3258
436.893	3307
436.983	3266
437.074	3261
437.164	3243
437.255	3236
437.345	3261
437.435	3309
437.526	3292
437.616	3275
437.706	3273
437.797	3320
437.887	3283
437.977	3298
438.068	3297
438.158	3337
438.248	3305
438.339	3338
438.429	3359
438.52	3393
438.61	3392
438.7	3430
438.791	3405
438.881	3406
438.971	3416
439.062	3402
439.152	3458
439.242	3509
439.333	3499
439.423	3497
439.513	3512
439.604	3517
439.694	3581
439.784	3543
439.875	3586
439.965	3595
440.055	3599
440.146	3633
440.236	3631
440.326	3670
440.417	3703
440.507	3746
440.597	3734
440.688	3798
440.778	3784
440.868	3850
440.959	3829
441.049	3866
441.139	3911
441.23	3898
441.32	3932
441.41	3928
441.501	3916
441.591	3990
441.681	3990
441.772	4082
441.862	4084
441.952	4070
442.043	4109
442.133	4099
442.223	4131
442.314	4192
442.404	4155
442.494	4153
442.585	4235
442.675	4185
442.765	4316
442.856	4235
442.946	4277
443.036	4341
443.127	4275
443.217	4245
443.307	4359
443.398	4386
443.488	4359
443.578	4360
443.668	4377
443.759	4381
443.849	4447
443.939	4420
444.03	4433
444.12	4482
444.21	4451
444.301	4468
444.391	4501
444.481	4533
444.572	4543
444.662	4551
444.752	4551
444.842	4490
444.933	4512
445.023	4573
445.113	4531
445.204	4610
445.294	4596
445.384	4608
445.475	4594
445.565	4616
445.655	4577
445.745	4654
445.836	4640
445.926	4623
446.016	4615
446.107	4642
446.197	4714
446.287	4689
446.378	4685
446.468	4682
446.558	4759
446.648	4745
446.739	4782
446.829	4774
446.919	4826
447.01	4817
447.1	4858
447.19	4808
447.28	4815
447.371	4883
447.461	4873
447.551	4823
447.642	4872
447.732	4900
447.822	4953
447.912	5018
448.003	4979
448.093	4999
448.183	4938
448.274	5000
448.364	4950
448.454	5032
448.544	5060
448.635	5039
448.725	5050
448.815	5036
448.906	5109
448.996	5219
449.086	5114
449.176	5180
449.267	5128
449.357	5208
449.447	5204
449.537	5227
449.628	5156
449.718	5191
449.808	5180
449.899	5251
449.989	5223
450.079	5214
450.169	5187
450.26	5253
450.35	5217
450.44	5289
450.53	5252
450.621	5312
450.711	5250
450.801	5242
450.891	5315
450.982	5279
451.072	5269
451.162	5233
451.253	5300
451.343	5314
451.433	5269
451.523	5294
451.614	5353
451.704	5278
451.794	5279
451.884	5321
451.975	5294
452.065	5281
452.155	5295
452.245	5321
452.336	5332
452.426	5337
452.516	5279
452.606	5315
452.697	5331
452.787	5315
452.877	5360
452.967	5309
453.058	5318
453.148	5369
453.238	5332
453.328	5364
453.419	5322
453.509	5329
453.599	5367
453.689	5380
453.78	5397
453.87	5364
453.96	5283
454.05	5340
454.141	5361
454.231	5362
454.321	5337
454.411	5323
454.501	5329
454.592	5305
454.682	5308
454.772	5352
454.862	5309
454.953	5271
455.043	5324
455.133	5332
455.223	5380
455.314	5320
455.404	5316
455.494	5330
455.584	5285
455.674	5302
455.765	5300
455.855	5281
455.945	5307
456.035	5304
456.126	5262
456.216	5288
456.306	5178
456.396	5246
456.487	5283
456.577	5210
456.667	5224
456.757	5217
456.847	5167
456.938	5215
457.028	5135
457.118	5132
457.208	5168
457.298	5141
457.389	5140
457.479	5139
457.569	5131
457.659	5156
457.75	5102
457.84	5074
457.93	5032
458.02	5032
458.11	5051
458.201	5053
458.291	5004
458.381	5051
458.471	5008
458.561	4986
458.652	4964
458.742	4977
458.832	4983
458.922	4980
459.012	4919
459.103	4947
459.193	4938
459.283	4914
459.373	4937
459.463	4934
459.554	4951
459.644	4951
459.734	4920
459.824	4864
459.914	4918
460.005	4895
460.095	4937
460.185	4847
460.275	4862
460.365	4878
460.456	4868
460.546	4818
460.636	4810
460.726	4858
460.816	4887
460.907	4872
460.997	4796
461.087	4903
461.177	4860
461.267	4833
461.358	4828
461.448	4815
461.538	4841
461.628	4840
461.718	4804
461.808	4835
461.899	4828
461.989	4901
462.079	4864
462.169	4808
462.259	4845
462.35	4822
462.44	4819
462.53	4885
462.62	4769
462.71	4836
462.8	4809
462.891	4846
462.981	4818
463.071	4851
463.161	4848
463.251	4810
463.342	4819
463.432	4813
463.522	4831
463.612	4813
463.702	4821
463.792	4866
463.883	4833
463.973	4820
464.063	4808
464.153	4807
464.243	4775
464.333	4822
464.424	4818
464.514	4824
464.604	4791
464.694	4851
464.784	4863
464.874	4770
464.965	4766
465.055	4742
465.145	4856
465.235	4836
465.325	4792
465.415	4853
465.505	4844
465.596	4814
465.686	4828
465.776	4830
465.866	4716
465.956	4801
466.046	4798
466.137	4823
466.227	4790
466.317	4822
466.407	4830
466.497	4827
466.587	4823
466.677	4816
466.768	4779
466.858	4791
466.948	4788
467.038	4864
467.128	4827
467.218	4841
467.308	4800
467.399	4845
467.489	4800
467.579	4846
467.669	4852
467.759	4861
467.849	4922
467.939	4845
468.03	4838
468.12	4874
468.21	4917
468.3	4873
468.39	4937
468.48	4923
468.57	4898
468.661	4906
468.751	4873
468.841	4907
468.931	4959
469.021	4918
469.111	4944
469.201	4898
469.292	4948
469.382	4932
469.472	4925
469.562	4967
469.652	4996
469.742	4970
469.832	5006
469.922	4953
470.013	5012
470.103	5042
470.193	4995
470.283	5054
470.373	5043
470.463	5045
470.553	5052
470.643	5121
470.733	5124
470.824	5132
470.914	5181
471.004	5165
471.094	5125
471.184	5149
471.274	5212
471.364	5212
471.454	5186
471.545	5244
471.635	5194
471.725	5210
471.815	5256
471.905	5277
471.995	5300
472.085	5283
472.175	5360
472.265	5367
472.356	5362
472.446	5377
472.536	5288
472.626	5417
472.716	5406
472.806	5450
472.896	5444
472.986	5427
473.076	5429
473.166	5503
473.257	5491
473.347	5571
473.437	5543
473.527	5540
473.617	5528
473.707	5575
473.797	5609
473.887	5625
473.977	5596
474.067	5553
474.158	5595
474.248	5598
474.338	5656
474.428	5622
474.518	5686
474.608	5723
474.698	5722
474.788	5738
474.878	5755
474.968	5816
475.059	5793
475.149	5855
475.239	5855
475.329	5854
475.419	5820
475.509	5856
475.599	5880
475.689	5939
475.779	5957
475.869	5946
475.959	5989
476.049	6028
476.14	6038
476.23	6009
476.32	6027
476.41	6115
476.5	6050
476.59	6039
476.68	6152
476.77	6174
476.86	6217
476.95	6207
477.04	6261
477.13	6203
477.22	6215
477.311	6237
477.401	6255
477.491	6318
477.581	6358
477.671	6374
477.761	6402
477.851	6393
477.941	6435
478.031	6477
478.121	6507
478.211	6509
478.301	6492
478.391	6570
478.481	6597
478.571	6634
478.662	6593
478.752	6620
478.842	6644
478.932	6715
479.022	6741
479.112	6684
479.202	6701
479.292	6703
479.382	6761
479.472	6901
479.562	6821
479.652	6869
479.742	6924
479.832	6888
479.922	6955
480.012	6940
480.102	6959
480.193	7020
480.283	6978
480.373	7061
480.463	7045
480.553	7106
480.643	7172
480.733	7159
480.823	7092
480.913	7134
481.003	7140
481.093	7201
481.183	7341
481.273	7255
481.363	7265
481.453	7372
481.543	7352
481.633	7428
481.723	7359
481.813	7390
481.903	7343
481.993	7458
482.083	7440
482.173	7481
482.264	7493
482.354	7494
482.444	7537
482.534	7517
482.624	7556
482.714	7576
482.804	7539
482.894	7619
482.984	7693
483.074	7691
483.164	7669
483.254	7688
483.344	7672
483.434	7758
483.524	7719
483.614	7740
483.704	7816
483.794	7838
483.884	7757
483.974	7798
484.064	7895
484.154	7855
484.244	7932
484.334	7939
484.424	7950
484.514	7892
484.604	7930
484.694	7928
484.784	7994
484.874	8022
484.964	8045
485.054	8023
485.144	8029
485.234	8108
485.324	8068
485.414	8074
485.504	8139
485.594	8137
485.684	8122
485.774	8102
485.864	8183
485.954	8156
486.045	8205
486.135	8230
486.225	8158
486.315	8160
486.405	8178
486.495	8227
486.585	8236
486.675	8234
486.765	8274
486.855	8277
486.945	8285
487.035	8325
487.125	8332
487.215	8313
487.305	8230
487.395	8313
487.485	8318
487.575	8368
487.665	8406
487.755	8355
487.845	8412
487.935	8352
488.025	8400
488.115	8378
488.205	8354
488.295	8422
488.385	8423
488.475	8440
488.565	8470
488.655	8393
488.745	8440
488.834	8400
488.924	8451
489.014	8474
489.104	8438
489.194	8438
489.284	8405
489.374	8427
489.464	8372
489.554	8417
489.644	8424
489.734	8383
489.824	8406
489.914	8428
490.004	8488
490.094	8454
490.184	8459
490.274	8471
490.364	8514
490.454	8408
490.544	8450
490.634	8402
490.724	8468
490.814	8369
490.904	8396
490.994	8443
491.084	8427
491.174	8456
491.264	8423
491.354	8405
491.444	8372
491.534	8393
491.624	8419
491.714	8350
491.804	8377
491.894	8388
491.984	8352
492.074	8320
492.164	8288
492.254	8385
492.344	8292
492.434	8338
492.524	8341
492.613	8316
492.703	8348
492.793	8286
492.883	8304
492.973	8242
493.063	8254
493.153	8273
493.243	8135
493.333	8246
493.423	8267
493.513	8193
493.603	8231
493.693	8155
493.783	8199
493.873	8200
493.963	8255
494.053	8149
494.143	8157
494.233	8121
494.323	8155
494.413	8083
494.503	8082
494.593	8150
494.682	8108
494.772	8091
494.862	8117
494.952	8122
495.042	8182
495.132	8073
495.222	8080
495.312	8148
495.402	8039
495.492	8010
495.582	8031
495.672	7966
495.762	8004
495.852	7968
495.942	8062
496.032	7937
496.122	7926
496.211	7990
496.301	7913
496.391	7960
496.481	7910
496.571	7932
496.661	7931
496.751	7924
496.841	7874
496.931	7896
497.021	7946
497.111	7874
497.201	7855
497.291	7835
497.381	7835
497.471	7780
497.56	7811
497.65	7804
497.74	7770
497.83	7751
497.92	7765
498.01	7839
498.1	7735
498.19	7730
498.28	7722
498.37	7742
498.46	7641
498.55	7664
498.64	7687
498.729	7735
498.819	7675
498.909	7598
498.999	7623
499.089	7719
499.179	7595
499.269	7656
499.359	7605
499.449	7542
499.539	7561
499.629	7537
499.718	7546
499.808	7542
499.898	7584
499.988	7508
500.078	7437
500.168	7551
500.258	7481
500.348	7479
500.438	7520
500.528	7580
500.618	7439
500.707	7418
500.797	7438
500.887	7467
500.977	7473
501.067	7448
501.157	7495
501.247	7391
501.337	7341
501.427	7403
501.517	7437
501.606	7403
501.696	7340
501.786	7385
501.876	7432
501.966	7386
502.056	7397
502.146	7375
502.236	7382
502.326	7408
502.416	7410
502.505	7300
502.595	7268
502.685	7305
502.775	7310
502.865	7312
502.955	7338
503.045	7350
503.135	7322
503.225	7289
503.314	7347
503.404	7342
503.494	7347
503.584	7276
503.674	7259
503.764	7332
503.854	7303
503.944	7365
504.033	7293
504.123	7402
504.213	7256
504.303	7338
504.393	7326
504.483	7335
504.573	7362
504.663	7284
504.753	7349
504.842	7332
504.932	7265
505.022	7260
505.112	7356
505.202	7352
505.292	7350
505.382	7295
505.471	7353
505.561	7414
505.651	7357
505.741	7320
505.831	7341
505.921	7317
506.011	7314
506.101	7298
506.19	7350
506.28	7357
506.37	7369
506.46	7400
506.55	7413
506.64	7377
506.73	7362
506.819	7402
506.909	7385
506.999	7314
507.089	7371
507.179	7376
507.269	7428
507.359	7342
507.448	7453
507.538	7415
507.628	7424
507.718	7490
507.808	7489
507.898	7488
507.988	7458
508.077	7404
508.167	7490
508.257	7460
508.347	7471
508.437	7502
508.527	7498
508.617	7549
508.706	7580
508.796	7584
508.886	7483
508.976	7522
509.066	7507
509.156	7545
509.245	7572
509.335	7548
509.425	7616
509.515	7584
509.605	7580
509.695	7585
509.785	7618
509.874	7652
509.964	7699
510.054	7707
510.144	7668
510.234	7685
510.324	7753
510.413	7749
510.503	7745
510.593	7806
510.683	7740
510.773	7775
510.863	7799
510.952	7786
511.042	7753
511.132	7850
511.222	7803
511.312	7814
511.401	7843
511.491	7915
511.581	7896
511.671	7925
511.761	7903
511.851	7870
511.94	7936
512.03	7895
512.12	7942
512.21	7958
512.3	8016
512.39	8003
512.479	8038
512.569	8079
512.659	8097
512.749	8112
512.839	8106
512.928	8112
513.018	8085
513.108	8178
513.198	8204
513.288	8216
513.378	8219
513.467	8232
513.557	8236
513.647	8227
513.737	8272
513.827	8294
513.916	8331
514.006	8371
514.096	8371
514.186	8378
514.276	8444
514.365	8484
514.455	8492
514.545	8492
514.635	8474
514.725	8551
514.814	8565
514.904	8582
514.994	8601
515.084	8686
515.174	8607
515.263	8650
515.353	8683
515.443	8763
515.533	8738
515.623	8824
515.712	8801
515.802	8802
515.892	8778
515.982	8853
516.072	8911
516.161	8841
516.251	8804
516.341	8831
516.431	8930
516.521	8856
516.61	8923
516.7	9031
516.79	8952
516.88	9061
516.97	9092
517.059	9036
517.149	9077
517.239	9077
517.329	9082
517.418	9165
517.508	9145
517.598	9210
517.688	9316
517.778	9275
517.867	9308
517.957	9265
518.047	9344
518.137	9308
518.226	9321
518.316	9440
518.406	9415
518.496	9462
518.586	9466
518.675	9569
518.765	9552
518.855	9541
518.945	9498
519.034	9597
519.124	9566
519.214	9617
519.304	9656
519.394	9668
519.483	9733
519.573	9698
519.663	9704
519.753	9766
519.842	9787
519.932	9770
520.022	9851
520.112	9855
520.201	9864
520.291	9891
520.381	9872
520.471	10002
520.56	9926
520.65	9996
520.74	10071
520.83	10011
520.92	9944
521.009	10068
521.099	10108
521.189	10070
521.279	10133
521.368	10203
521.458	10216
521.548	10225
521.638	10221
521.727	10211
521.817	10258
521.907	10314
521.997	10352
522.086	10367
522.176	10372
522.266	10402
522.356	10475
522.445	10485
522.535	10475
522.625	10506
522.715	10541
522.804	10448
522.894	10555
522.984	10539
523.074	10502
523.163	10567
523.253	10600
523.343	10572
523.433	10662
523.522	10731
523.612	10687
523.702	10693
523.791	10612
523.881	10669
523.971	10728
524.061	10651
524.15	10668
524.24	10760
524.33	10823
524.42	10758
524.509	10803
524.599	10908
524.689	10828
524.779	10824
524.868	10864
524.958	10943
525.048	10916
525.137	10952
525.227	10928
525.317	10918
525.407	10950
525.496	11044
525.586	11025
525.676	11115
525.766	11058
525.855	11081
525.945	11165
526.035	11098
526.124	11131
526.214	11063
526.304	11089
526.394	11123
526.483	11049
526.573	11176
526.663	11167
526.752	11214
526.842	11128
526.932	11129
527.022	11188
527.111	11168
527.201	11216
527.291	11229
527.38	11263
527.47	11236
527.56	11327
527.65	11294
527.739	11254
527.829	11318
527.919	11323
528.008	11404
528.098	11456
528.188	11389
528.278	11401
528.367	11354
528.457	11440
528.547	11429
528.636	11415
528.726	11461
528.816	11465
528.905	11464
528.995	11592
529.085	11518
529.175	11554
529.264	11571
529.354	11545
529.444	11588
529.533	11557
529.623	11564
529.713	11626
529.802	11604
529.892	11672
529.982	11595
530.072	11608
530.161	11622
530.251	11496
530.341	11576
530.43	11558
530.52	11585
530.61	11575
530.699	11523
530.789	11622
530.879	11509
530.968	11523
531.058	11548
531.148	11640
531.237	11579
531.327	11664
531.417	11611
531.507	11587
531.596	11622
531.686	11554
531.776	11649
531.865	11660
531.955	11592
532.045	11568
532.134	11560
532.224	11529
532.314	11620
532.403	11536
532.493	11519
532.583	11553
532.672	11588
532.762	11597
532.852	11633
532.941	11596
533.031	11591
533.121	11578
533.21	11544
533.3	11525
533.39	11446
533.479	11588
533.569	11565
533.659	11582
533.748	11625
533.838	11518
533.928	11491
534.017	11535
534.107	11545
534.197	11554
534.286	11568
534.376	11557
534.466	11497
534.555	11614
534.645	11471
534.735	11463
534.824	11452
534.914	11500
535.004	11450
535.093	11435
535.183	11415
535.273	11522
535.362	11438
535.452	11458
535.542	11462
535.631	11470
535.721	11450
535.811	11401
535.9	11352
535.99	11408
536.079	11342
536.169	11394
536.259	11331
536.348	11259
536.438	11246
536.528	11287
536.617	11283
536.707	11266
536.797	11224
536.886	11177
536.976	11192
537.066	11124
537.155	11219
537.245	11066
537.335	11066
537.424	11104
537.514	11081
537.603	11047
537.693	11047
537.783	11036
537.872	11023
537.962	10940
538.052	10921
538.141	10940
538.231	10948
538.321	10928
538.41	10745
538.5	10843
538.589	10782
538.679	10754
538.769	10759
538.858	10683
538.948	10658
539.038	10661
539.127	10736
539.217	10657
539.306	10665
539.396	10675
539.486	10649
539.575	10675
539.665	10612
539.755	10552
539.844	10586
539.934	10609
540.023	10525
540.113	10461
540.203	10476
540.292	10523
540.382	10441
540.472	10516
540.561	10549
540.651	10446
540.74	10444
540.83	10381
540.92	10300
541.009	10330
541.099	10372
541.188	10252
541.278	10321
541.368	10145
541.457	10226
541.547	10205
541.636	10216
541.726	10091
541.816	10125
541.905	10209
541.995	10230
542.085	10045
542.174	10111
542.264	10105
542.353	10065
542.443	10091
542.533	10172
542.622	10077
542.712	9985
542.801	10045
542.891	10041
542.981	9987
543.07	9918
543.16	9994
543.249	9988
543.339	9991
543.429	10009
543.518	9854
543.608	9934
543.697	9905
543.787	9899
543.877	9871
543.966	9903
544.056	9844
544.145	9918
544.235	9832
544.324	9826
544.414	9817
544.504	9829
544.593	9690
544.683	9763
544.772	9735
544.862	9682
544.952	9709
545.041	9744
545.131	9655
545.22	9727
545.31	9635
545.399	9667
545.489	9753
545.579	9690
545.668	9677
545.758	9640
545.847	9672
545.937	9638
546.027	9619
546.116	9566
546.206	9581
546.295	9598
546.385	9646
546.474	9603
546.564	9608
546.654	9625
546.743	9662
546.833	9654
546.922	9602
547.012	9638
547.101	9667
547.191	9597
547.281	9633
547.37	9533
547.46	9504
547.549	9591
547.639	9573
547.728	9637
547.818	9556
547.908	9529
547.997	9637
548.087	9518
548.176	9562
548.266	9561
548.355	9554
548.445	9585
548.534	9493
548.624	9572
548.714	9509
548.803	9596
548.893	9531
548.982	9572
549.072	9516
549.161	9583
549.251	9597
549.34	9589
549.43	9638
549.52	9512
549.609	9562
549.699	9603
549.788	9590
549.878	9628
549.967	9580
550.057	9618
550.146	9634
550.236	9612
550.326	9618
550.415	9588
550.505	9636
550.594	9687
550.684	9624
550.773	9653
550.863	9632
550.952	9703
551.042	9671
551.131	9625
551.221	9739
551.31	9688
551.4	9668
551.49	9717
551.579	9636
551.669	9725
551.758	9757
551.848	9676
551.937	9708
552.027	9771
552.116	9712
552.206	9750
552.295	9696
552.385	9736
552.474	9758
552.564	9851
552.653	9714
552.743	9839
552.833	9806
552.922	9738
553.012	9775
553.101	9763
553.191	9792
553.28	9795
553.37	9923
553.459	9872
553.549	9902
553.638	9902
553.728	9929
553.817	9867
553.907	10011
553.996	9982
554.086	9966
554.175	9936
554.265	9990
554.354	9940
554.444	10001
554.533	9952
554.623	9966
554.713	10040
554.802	9940
554.892	10047
554.981	10097
555.071	10045
555.16	10057
555.25	10082
555.339	10110
555.429	10051
555.518	10051
555.608	10087
555.697	10143
555.787	10167
555.876	10182
555.966	10120
556.055	10231
556.145	10212
556.234	10179
556.324	10268
556.413	10250
556.503	10297
556.592	10208
556.682	10252
556.771	10293
556.861	10350
556.95	10290
557.04	10342
557.129	10318
557.219	10370
557.308	10339
557.398	10418
557.487	10476
557.577	10514
557.666	10517
557.756	10475
557.845	10518
557.935	10552
558.024	10503
558.114	10584
558.203	10549
558.293	10649
558.382	10533
558.472	10642
558.561	10650
558.651	10634
558.74	10679
558.829	10732
558.919	10706
559.008	10810
559.098	10659
559.187	10677
559.277	10788
559.366	10744
559.456	10796
559.545	10757
559.635	10887
559.724	10849
559.814	10857
559.903	10951
559.993	10930
560.082	10927
560.172	10977
560.261	10917
560.351	10850
560.44	11021
560.53	11024
560.619	11055
560.709	11091
560.798	11034
560.887	11184
560.977	11056
561.066	11124
561.156	11143
561.245	11173
561.335	11121
561.424	11201
561.514	11246
561.603	11297
561.693	11236
561.782	11359
561.872	11278
561.961	11297
562.051	11295
562.14	11333
562.229	11329
562.319	11385
562.408	11332
562.498	11358
562.587	11486
562.677	11472
562.766	11492
562.856	11499
562.945	11597
563.035	11598
563.124	11565
563.213	11615
563.303	11619
563.392	11645
563.482	11587
563.571	11598
563.661	11698
563.75	11708
563.84	11629
563.929	11839
564.019	11804
564.108	11826
564.197	11838
564.287	11895
564.376	11904
564.466	11933
564.555	11895
564.645	11978
564.734	11982
564.824	11995
564.913	11998
565.002	12054
565.092	12094
565.181	12121
565.271	12102
565.36	12121
565.45	12150
565.539	12134
565.628	12266
565.718	12236
565.807	12213
565.897	12258
565.986	12326
566.076	12342
566.165	12324
566.254	12295
566.344	12339
566.433	12353
566.523	12382
566.612	12432
566.702	12442
566.791	12499
566.88	12479
566.97	12443
567.059	12573
567.149	12618
567.238	12633
567.328	12584
567.417	12644
567.506	12685
567.596	12736
567.685	12809
567.775	12701
567.864	12758
567.954	12807
568.043	12785
568.132	12804
568.222	12846
568.311	12828
568.401	12834
568.49	12903
568.579	12891
568.669	12801
568.758	12897
568.848	12950
568.937	12962
569.027	12959
569.116	12952
569.205	13044
569.295	13102
569.384	13025
569.474	12968
569.563	13125
569.652	13119
569.742	13095
569.831	13095
569.921	13164
570.01	13126
570.099	13105
570.189	13148
570.278	13283
570.368	13270
570.457	13238
570.546	13332
570.636	13310
570.725	13221
570.815	13356
570.904	13295
570.993	13345
571.083	13306
571.172	13405
571.262	13368
571.351	13473
571.44	13403
571.53	13433
571.619	13426
571.709	13435
571.798	13430
571.887	13512
571.977	13477
572.066	13556
572.156	13484
572.245	13571
572.334	13552
572.424	13573
572.513	13559
572.602	13574
572.692	13597
572.781	13535
572.871	13601
572.96	13624
573.049	13700
573.139	13646
573.228	13572
573.318	13741
573.407	13701
573.496	13746
573.586	13718
573.675	13763
573.764	13747
573.854	13724
573.943	13772
574.033	13767
574.122	13838
574.211	13779
574.301	13868
574.39	13813
574.479	13865
574.569	13875
574.658	13888
574.748	13921
574.837	13897
574.926	13799
575.016	13909
575.105	13902
575.194	13987
575.284	14029
575.373	13931
575.462	13982
575.552	13918
575.641	13987
575.731	14014
575.82	14059
575.909	13996
575.999	13993
576.088	14003
576.177	14010
576.267	14083
576.356	13988
576.445	14108
576.535	14077
576.624	14027
576.713	14038
576.803	14037
576.892	13981
576.982	14047
577.071	14025
577.16	14120
577.25	14150
577.339	14087
577.428	14119
577.518	14133
577.607	14172
577.696	14162
577.786	14207
577.875	14259
577.964	14212
578.054	14058
578.143	14217
578.232	14199
578.322	14231
578.411	14149
578.5	14177
578.59	14114
578.679	14222
578.768	14200
578.858	14180
578.947	14186
579.037	14221
579.126	14239
579.215	14266
579.305	14221
579.394	14280
579.483	14292
579.573	14270
579.662	14249
579.751	14262
579.841	14278
579.93	14322
580.019	14303
580.109	14244
580.198	14336
580.287	14324
580.377	14317
580.466	14327
580.555	14321
580.644	14217
580.734	14258
580.823	14221
580.912	14240
581.002	14249
581.091	14332
581.18	14337
581.27	14334
581.359	14328
581.448	14222
581.538	14241
581.627	14260
581.716	14193
581.806	14323
581.895	14269
581.984	14204
582.074	14289
582.163	14248
582.252	14269
582.342	14170
582.431	14263
582.52	14183
582.61	14292
582.699	14332
582.788	14294
582.877	14200
582.967	14268
583.056	14131
583.145	14262
583.235	14321
583.324	14264
583.413	14164
583.503	14159
583.592	14181
583.681	14171
583.771	14165
583.86	14117
583.949	14158
584.038	14086
584.128	14207
584.217	14185
584.306	14200
584.396	14151
584.485	14182
584.574	14180
584.664	14052
584.753	14043
584.842	13982
584.931	14046
585.021	14069
585.11	14084
585.199	14151
585.289	14086
585.378	14112
585.467	14094
585.556	14046
585.646	14053
585.735	14070
585.824	14040
585.914	13943
586.003	14006
586.092	13922
586.182	13873
586.271	13930
586.36	14036
586.449	13958
586.539	13929
586.628	13897
586.717	13887
586.806	13916
586.896	13851
586.985	13814
587.074	13827
587.164	13855
587.253	13860
587.342	13778
587.431	13821
587.521	13805
587.61	13819
587.699	13876
587.789	13781
587.878	13748
587.967	13783
588.056	13722
588.146	13736
588.235	13654
588.324	13615
588.413	13675
588.503	13683
588.592	13649
588.681	13701
588.771	13657
588.86	13683
588.949	13596
589.038	13534
589.128	13640
589.217	13571
589.306	13551
589.395	13569
589.485	13527
589.574	13540
589.663	13446
589.752	13468
589.842	13439
589.931	13489
590.02	13441
590.109	13470
590.199	13372
590.288	13380
590.377	13393
590.467	13388
590.556	13395
590.645	13258
590.734	13313
590.824	13363
590.913	13314
591.002	13251
591.091	13194
591.181	13229
591.27	13296
591.359	13261
591.448	13232
591.538	13204
591.627	13263
591.716	13185
591.805	13199
591.895	13091
591.984	13163
592.073	13126
592.162	13063
592.251	13166
592.341	13185
592.43	13171
592.519	13007
592.608	13046
592.698	12952
592.787	13030
592.876	12963
592.965	12932
593.055	13020
593.144	12903
593.233	12923
593.322	12916
593.412	12898
593.501	12925
593.59	12884
593.679	12870
593.769	12858
593.858	12780
593.947	12783
594.036	12710
594.125	12734
594.215	12656
594.304	12805
594.393	12720
594.482	12650
594.572	12622
594.661	12647
594.75	12745
594.839	12673
594.928	12713
595.018	12615
595.107	12616
595.196	12560
595.285	12648
595.375	12573
595.464	12575
595.553	12601
595.642	12604
595.731	12590
595.821	12587
595.91	12547
595.999	12525
596.088	12560
596.178	12490
596.267	12535
596.356	12495
596.445	12490
596.534	12441
596.624	12550
596.713	12415
596.802	12460
596.891	12495
596.98	12348
597.07	12348
597.159	12415
597.248	12317
597.337	12420
597.426	12420
597.516	12323
597.605	12308
597.694	12301
597.783	12330
597.872	12307
597.962	12234
598.051	12334
598.14	12324
598.229	12326
598.319	12252
598.408	12264
598.497	12308
598.586	12243
598.675	12280
598.764	12260
598.854	12227
598.943	12290
599.032	12176
599.121	12183
599.21	12192
599.3	12183
599.389	12141
599.478	12212
599.567	12270
599.656	12192
599.746	12151
599.835	12133
599.924	12172
600.013	12019
600.102	12103
600.192	12135
600.281	12084
600.37	12133
600.459	12183
600.548	12047
600.637	12100
600.727	12141
600.816	12098
600.905	11973
600.994	12018
601.083	11995
601.173	12076
601.262	12118
601.351	12074
601.44	11997
601.529	11953
601.618	12046
601.708	12030
601.797	12006
601.886	12020
601.975	11981
602.064	11992
602.153	11984
602.243	12027
602.332	12052
602.421	11940
602.51	12041
602.599	11936
602.688	11937
602.778	11947
602.867	11987
602.956	11880
603.045	11896
603.134	12007
603.223	11972
603.313	11913
603.402	11898
603.491	11921
603.58	11846
603.669	11919
603.758	11936
603.848	11902
603.937	11871
604.026	11870
604.115	11914
604.204	11933
604.293	11908
604.383	11854
604.472	11918
604.561	11953
604.65	11804
604.739	11852
604.828	11869
604.917	11876
605.007	11902
605.096	11839
605.185	11889
605.274	11882
605.363	11880
605.452	11841
605.541	11820
605.631	11862
605.72	11879
605.809	11873
605.898	11863
605.987	11917
606.076	11827
606.165	11866
606.255	11888
606.344	11866
606.433	11824
606.522	11872
606.611	11794
606.7	11808
606.789	11841
606.879	11851
606.968	11795
607.057	11922
607.146	11917
607.235	11889
607.324	11890
607.413	11918
607.503	11870
607.592	11903
607.681	11850
607.77	11871
607.859	11864
607.948	11941
608.037	11810
608.126	11835
608.216	11837
608.305	11856
608.394	11858
608.483	11878
608.572	11928
608.661	11963
608.75	11903
608.839	11977
608.929	11904
609.018	11887
609.107	11876
609.196	11951
609.285	11950
609.374	11941
609.463	11987
609.552	11937
609.642	12038
609.731	11929
609.82	12065
609.909	11947
609.998	11943
610.087	11971
610.176	11948
610.265	12003
610.354	12005
610.444	12033
610.533	11985
610.622	12026
610.711	11984
610.8	11959
610.889	12100
610.978	12030
611.067	12062
611.156	11989
611.245	11972
611.335	12134
611.424	12038
611.513	12076
611.602	12087
611.691	12110
611.78	12061
611.869	12054
611.958	12044
612.047	12043
612.137	12132
612.226	12094
612.315	12168
612.404	12177
612.493	12156
612.582	12106
612.671	12186
612.76	12207
612.849	12186
612.938	12215
613.027	12169
613.117	12180
613.206	12184
613.295	12206
613.384	12311
613.473	12241
613.562	12282
613.651	12223
613.74	12325
613.829	12224
613.918	12333
614.007	12393
614.097	12381
614.186	12196
614.275	12299
614.364	12314
614.453	12391
614.542	12307
614.631	12308
614.72	12340
614.809	12394
614.898	12511
614.987	12509
615.076	12437
615.165	12450
615.255	12465
615.344	12427
615.433	12447
615.522	12419
615.611	12513
615.7	12453
615.789	12610
615.878	12538
615.967	12559
616.056	12652
616.145	12592
616.234	12579
616.323	12562
616.412	12552
616.502	12680
616.591	12614
616.68	12690
616.769	12736
616.858	12711
616.947	12753
617.036	12792
617.125	12718
617.214	12784
617.303	12806
617.392	12762
617.481	12861
617.57	12819
617.659	12724
617.748	12882
617.837	13017
617.927	12930
618.016	12954
618.105	12949
618.194	12949
618.283	12996
618.372	12986
618.461	13016
618.55	13053
618.639	13003
618.728	13098
618.817	13093
618.906	13188
618.995	13166
619.084	13208
619.173	13222
619.262	13171
619.351	13136
619.44	13189
619.529	13264
619.618	13161
619.708	13277
619.797	13314
619.886	13243
619.975	13260
620.064	13300
620.153	13287
620.242	13296
620.331	13385
620.42	13352
620.509	13394
620.598	13424
620.687	13430
620.776	13520
620.865	13516
620.954	13444
621.043	13453
621.132	13471
621.221	13509
621.31	13558
621.399	13574
621.488	13613
621.577	13579
621.666	13644
621.755	13635
621.844	13592
621.933	13599
622.022	13613
622.111	13648
622.2	13691
622.29	13787
622.379	13731
622.468	13794
622.557	13801
622.646	13695
622.735	13759
622.824	13849
622.913	13857
623.002	13883
623.091	13916
623.18	14000
623.269	13845
623.358	13981
623.447	13989
623.536	13947
623.625	13964
623.714	14053
623.803	13942
623.892	13878
623.981	14084
624.07	14086
624.159	14119
624.248	14064
624.337	14110
624.426	14034
624.515	14052
624.604	14046
624.693	14147
624.782	14187
624.871	14226
624.96	14250
625.049	14177
625.138	14212
625.227	14212
625.316	14211
625.405	14305
625.494	14372
625.583	14368
625.672	14400
625.761	14389
625.85	14401
625.939	14388
626.028	14412
626.117	14413
626.206	14486
626.295	14478
626.384	14489
626.473	14485
626.562	14473
626.651	14522
626.74	14495
626.829	14460
626.918	14538
627.007	14497
627.096	14594
627.185	14584
627.274	14546
627.363	14606
627.452	14548
627.541	14642
627.63	14618
627.719	14636
627.808	14641
627.897	14689
627.986	14754
628.075	14786
628.164	14800
628.253	14734
628.342	14721
628.431	14708
628.52	14784
628.609	14767
628.698	14789
628.787	14851
628.876	14904
628.965	14886
629.053	14879
629.142	14857
629.231	14888
629.32	14926
629.409	14973
629.498	14967
629.587	14950
629.676	14982
629.765	14939
629.854	15042
629.943	15027
630.032	15096
630.121	14963
630.21	15050
630.299	14997
630.388	15071
630.477	15077
630.566	14981
630.655	15105
630.744	15121
630.833	15085
630.922	15111
631.011	15149
631.1	15067
631.189	15149
631.278	15136
631.367	15181
631.456	15188
631.545	15159
631.634	15200
631.722	15206
631.811	15178
631.9	15198
631.989	15255
632.078	15250
632.167	15281
632.256	15203
632.345	15225
632.434	15342
632.523	15335
632.612	15392
632.701	15257
632.79	15345
632.879	15366
632.968	15282
633.057	15352
633.146	15294
633.235	15326
633.324	15346
633.413	15360
633.501	15325
633.59	15364
633.679	15387
633.768	15348
633.857	15342
633.946	15339
634.035	15423
634.124	15454
634.213	15438
634.302	15383
634.391	15419
634.48	15407
634.569	15388
634.658	15431
634.747	15438
634.836	15469
634.924	15371
635.013	15344
635.102	15424
635.191	15406
635.28	15449
635.369	15414
635.458	15506
635.547	15501
635.636	15460
635.725	15480
635.814	15507
635.903	15510
635.992	15489
636.081	15440
636.169	15482
636.258	15484
636.347	15457
636.436	15409
636.525	15426
636.614	15473
636.703	15479
636.792	15455
636.881	15452
636.97	15461
637.059	15480
637.148	15527
637.236	15538
637.325	15451
637.414	15378
637.503	15475
637.592	15425
637.681	15435
637.77	15363
637.859	15411
637.948	15391
638.037	15506
638.126	15451
638.215	15483
638.303	15519
638.392	15449
638.481	15433
638.57	15453
638.659	15521
638.748	15445
638.837	15393
638.926	15393
639.015	15490
639.104	15390
639.192	15456
639.281	15373
639.37	15441
639.459	15430
639.548	15394
639.637	15437
639.726	15371
639.815	15339
639.904	15367
639.993	15349
640.081	15371
640.17	15354
640.259	15386
640.348	15354
640.437	15295
640.526	15305
640.615	15297
640.704	15284
640.793	15355
640.881	15283
640.97	15319
641.059	15279
641.148	15345
641.237	15340
641.326	15233
641.415	15268
641.504	15245
641.593	15286
641.681	15200
641.77	15186
641.859	15283
641.948	15208
642.037	15334
642.126	15301
642.215	15234
642.304	15244
642.393	15124
642.481	15175
642.57	15188
642.659	15178
642.748	15147
642.837	15033
642.926	15044
643.015	15125
643.104	15115
643.192	15010
643.281	15126
643.37	15055
643.459	15050
643.548	14999
643.637	14980
643.726	15041
643.814	15020
643.903	14983
643.992	15003
644.081	14975
644.17	14978
644.259	14974
644.348	14934
644.437	14937
644.525	14848
644.614	14926
644.703	14936
644.792	14941
644.881	14763
644.97	14824
645.059	14832
645.147	14761
645.236	14715
645.325	14780
645.414	14769
645.503	14718
645.592	14681
645.681	14646
645.769	14650
645.858	14609
645.947	14664
646.036	14630
646.125	14673
646.214	14565
646.303	14493
646.391	14555
646.48	14592
646.569	14600
646.658	14500
646.747	14523
646.836	14512
646.924	14454
647.013	14447
647.102	14404
647.191	14424
647.28	14440
647.369	14324
647.458	14438
647.546	14364
647.635	14367
647.724	14290
647.813	14348
647.902	14287
647.991	14249
648.079	14237
648.168	14277
648.257	14181
648.346	14162
648.435	14150
648.524	14121
648.612	14173
648.701	14181
648.79	14184
648.879	14130
648.968	14127
649.057	14107
649.145	14097
649.234	14052
649.323	14004
649.412	14019
649.501	13966
649.59	13906
649.678	13930
649.767	13948
649.856	13927
649.945	13944
650.034	13880
650.122	13888
650.211	13808
650.3	13839
650.389	13808
650.478	13818
650.567	13785
650.655	13780
650.744	13754
650.833	13709
650.922	13644
651.011	13640
651.099	13705
651.188	13678
651.277	13620
651.366	13637
651.455	13515
651.544	13567
651.632	13463
651.721	13543
651.81	13518
651.899	13520
651.988	13502
652.076	13449
652.165	13451
652.254	13461
652.343	13444
652.432	13424
652.52	13364
652.609	13356
652.698	13370
652.787	13314
652.876	13263
652.964	13213
653.053	13254
653.142	13343
653.231	13234
653.32	13218
653.408	13182
653.497	13168
653.586	13156
653.675	13184
653.764	13123
653.852	13078
653.941	13070
654.03	13061
654.119	13007
654.208	13036
654.296	13074
654.385	12958
654.474	12962
654.563	12941
654.652	13110
654.74	12978
654.829	12849
654.918	12918
655.007	12901
655.095	12817
655.184	12870
655.273	12858
655.362	12743
655.451	12847
655.539	12774
655.628	12774
655.717	12725
655.806	12765
655.895	12762
655.983	12782
656.072	12701
656.161	12743
656.25	12711
656.338	12713
656.427	12692
656.516	12671
656.605	12597
656.694	12646
656.782	12609
656.871	12552
656.96	12516
657.049	12587
657.137	12538
657.226	12538
657.315	12565
657.404	12535
657.492	12496
657.581	12545
657.67	12427
657.759	12512
657.848	12424
657.936	12451
658.025	12458
658.114	12398
658.203	12346
658.291	12402
658.38	12404
658.469	12343
658.558	12296
658.646	12365
658.735	12253
658.824	12249
658.913	12293
659.001	12233
659.09	12244
659.179	12167
659.268	12219
659.356	12159
659.445	12219
659.534	12256
659.623	12180
659.711	12167
659.8	12209
659.889	12139
659.978	12166
660.066	12079
660.155	12183
660.244	12180
660.333	12140
660.421	12179
660.51	12097
660.599	12055
660.688	12050
660.776	12004
660.865	12040
660.954	12024
661.043	12038
661.131	11916
661.22	12022
661.309	12041
661.398	11834
661.486	11897
661.575	11959
661.664	11891
661.753	11856
661.841	11874
661.93	11864
662.019	11864
662.108	11803
662.196	11899
662.285	11832
662.374	11808
662.462	11905
662.551	11780
662.64	11765
662.729	11750
662.817	11725
662.906	11791
662.995	11759
663.084	11767
663.172	11771
663.261	11727
663.35	11759
663.438	11634
663.527	11727
663.616	11682
663.705	11642
663.793	11710
663.882	11672
663.971	11713
664.06	11679
664.148	11640
664.237	11562
664.326	11589
664.414	11640
664.503	11652
664.592	11620
664.681	11564
664.769	11567
664.858	11583
664.947	11453
665.035	11483
665.124	11534
665.213	11564
665.302	11444
665.39	11414
665.479	11511
665.568	11570
665.656	11391
665.745	11460
665.834	11442
665.922	11402
666.011	11378
666.1	11432
666.189	11389
666.277	11415
666.366	11478
666.455	11401
666.543	11435
666.632	11354
666.721	11437
666.81	11344
666.898	11400
666.987	11323
667.076	11378
667.164	11333
667.253	11430
667.342	11501
667.43	11336
667.519	11323
667.608	11280
667.697	11386
667.785	11331
667.874	11299
667.963	11251
668.051	11288
668.14	11313
668.229	11326
668.317	11312
668.406	11318
668.495	11252
668.583	11261
668.672	11218
668.761	11277
668.849	11254
668.938	11306
669.027	11257
669.116	11306
669.204	11146
669.293	11306
669.382	11251
669.47	11196
669.559	11220
669.648	11206
669.736	11125
669.825	11261
669.914	11157
670.002	11258
670.091	11202
670.18	11223
670.268	11198
670.357	11182
670.446	11272
670.534	11278
670.623	11143
670.712	11252
670.8	11171
670.889	11168
670.978	11164
671.066	11106
671.155	11138
671.244	11178
671.332	11221
671.421	11163
671.51	11166
671.598	11091
671.687	11100
671.776	11121
671.864	11115
671.953	11094
672.042	11095
672.13	11178
672.219	11112
672.308	11088
672.396	11054
672.485	11103
672.574	11120
672.662	11151
672.751	11175
672.84	11217
672.928	11162
673.017	11229
673.106	11243
673.194	11197
673.283	11153
673.372	11212
673.46	11153
673.549	11146
673.638	11139
673.726	11103
673.815	11118
673.903	11151
673.992	11184
674.081	11200
674.169	11139
674.258	11132
674.347	11158
674.435	11203
674.524	11242
674.613	11195
674.701	11174
674.79	11137
674.879	11164
674.967	11216
675.056	11226
675.144	11174
675.233	11204
675.322	11206
675.41	11200
675.499	11268
675.588	11205
675.676	11191
675.765	11231
675.854	11149
675.942	11198
676.031	11205
676.119	11207
676.208	11222
676.297	11243
676.385	11216
676.474	11165
676.563	11259
676.651	11213
676.74	11243
676.829	11226
676.917	11333
677.006	11299
677.094	11316
677.183	11242
677.272	11320
677.36	11265
677.449	11314
677.538	11324
677.626	11353
677.715	11285
677.803	11249
677.892	11330
677.981	11344
678.069	11362
678.158	11349
678.246	11356
678.335	11319
678.424	11321
678.512	11311
678.601	11393
678.69	11369
678.778	11324
678.867	11418
678.955	11407
679.044	11347
679.133	11293
679.221	11354
679.31	11372
679.398	11341
679.487	11386
679.576	11460
679.664	11378
679.753	11327
679.841	11371
679.93	11455
680.019	11471
680.107	11421
680.196	11472
680.284	11465
680.373	11534
680.462	11539
680.55	11511
680.639	11474
680.727	11527
680.816	11481
680.905	11453
680.993	11534
681.082	11553
681.17	11501
681.259	11561
681.348	11519
681.436	11608
681.525	11616
681.613	11650
681.702	11613
681.791	11643
681.879	11591
681.968	11607
682.056	11600
682.145	11624
682.234	11682
682.322	11602
682.411	11556
682.499	11630
682.588	11716
682.676	11766
682.765	11613
682.854	11695
682.942	11759
683.031	11734
683.119	11669
683.208	11760
683.297	11680
683.385	11673
683.474	11663
683.562	11820
683.651	11861
683.739	11718
683.828	11790
683.917	11783
684.005	11740
684.094	11768
684.182	11712
684.271	11761
684.359	11789
684.448	11794
684.537	11824
684.625	11786
684.714	11787
684.802	11898
684.891	11780
684.979	11810
685.068	11783
685.157	11838
685.245	11884
685.334	11824
685.422	11888
685.511	11887
685.599	11945
685.688	11870
685.777	11950
685.865	11896
685.954	11874
686.042	11827
686.131	11905
686.219	11953
686.308	11899
686.396	11980
686.485	11955
686.574	11955
686.662	11972
686.751	11978
686.839	12001
686.928	11986
687.016	11982
687.105	12041
687.193	12017
687.282	11967
687.371	12039
687.459	12019
687.548	12043
687.636	12075
687.725	12073
687.813	12067
687.902	12146
687.99	12088
688.079	12061
688.167	12029
688.256	12067
688.345	12158
688.433	12122
688.522	12112
688.61	12104
688.699	12194
688.787	12135
688.876	12201
688.964	12189
689.053	12161
689.141	12195
689.23	12236
689.318	12181
689.407	12209
689.496	12277
689.584	12130
689.673	12246
689.761	12222
689.85	12248
689.938	12203
690.027	12247
690.115	12196
690.204	12230
690.292	12231
690.381	12279
690.469	12252
690.558	12209
690.646	12271
690.735	12284
690.824	12199
690.912	12254
691.001	12298
691.089	12266
691.178	12262
691.266	12322
691.355	12284
691.443	12304
691.532	12283
691.62	12320
691.709	12288
691.797	12394
691.886	12211
691.974	12299
692.063	12221
692.151	12268
692.24	12283
692.328	12322
692.417	12203
692.505	12391
692.594	12317
692.682	12225
692.771	12314
692.859	12333
692.948	12335
693.036	12311
693.125	12308
693.213	12306
693.302	12366
693.39	12286
693.479	12284
693.567	12309
693.656	12335
693.744	12384
693.833	12395
693.921	12371
694.01	12427
694.098	12406
694.187	12330
694.275	12409
694.364	12406
694.452	12375
694.541	12363
694.629	12460
694.718	12428
694.806	12513
694.895	12374
694.983	12469
695.072	12434
695.16	12449
695.249	12490
695.337	12374
695.426	12481
695.514	12482
695.603	12493
695.691	12415
695.78	12516
695.868	12509
695.957	12439
696.045	12352
696.134	12476
696.222	12430
696.311	12487
696.399	12441
696.488	12455
696.576	12484
696.665	12501
696.753	12602
696.842	12504
696.93	12522
697.019	12514
697.107	12492
697.196	12504
697.284	12561
697.373	12535
697.461	12569
697.55	12474
697.638	12654
697.726	12612
697.815	12650
697.903	12648
697.992	12629
698.08	12598
698.169	12600
698.257	12588
698.346	12587
698.434	12584
698.523	12632
698.611	12595
698.7	12627
698.788	12601
698.877	12699
698.965	12677
699.054	12661
699.142	12616
699.23	12614
699.319	12637
699.407	12643
699.496	12536
699.584	12602
699.673	12684
699.761	12631
699.85	12631
699.938	12636
700.027	12704
700.115	12612
700.203	12628
700.292	12636
700.38	12684
700.469	12629
700.557	12630
700.646	12679
700.734	12678
700.823	12643
700.911	12635
701	12661
701.088	12690
701.176	12644
701.265	12709
701.353	12664
701.442	12636
701.53	12692
701.619	12720
701.707	12679
701.796	12681
701.884	12668
701.972	12616
702.061	12615
702.149	12684
702.238	12638
702.326	12582
702.415	12615
702.503	12640
702.592	12631
702.68	12675
702.768	12656
702.857	12611
702.945	12700
703.034	12660
703.122	12746
703.211	12667
703.299	12683
703.387	12608
703.476	12699
703.564	12744
703.653	12712
703.741	12657
703.83	12619
703.918	12742
704.007	12664
704.095	12675
704.183	12620
704.272	12596
704.36	12649
704.449	12611
704.537	12615
704.625	12619
704.714	12619
704.802	12679
704.891	12686
704.979	12657
705.068	12644
705.156	12590
705.244	12604
705.333	12697
705.421	12596
705.51	12566
705.598	12621
705.687	12572
705.775	12537
705.863	12575
705.952	12506
706.04	12548
706.129	12557
706.217	12500
706.305	12634
706.394	12568
706.482	12547
706.571	12601
706.659	12576
706.747	12423
706.836	12570
706.924	12570
707.013	12498
707.101	12506
707.19	12554
707.278	12551
707.366	12488
707.455	12572
707.543	12561
707.632	12509
707.72	12420
707.808	12469
707.897	12496
707.985	12509
708.074	12379
708.162	12532
708.25	12468
708.339	12454
708.427	12412
708.516	12358
708.604	12396
708.692	12435
708.781	12384
708.869	12358
708.957	12356
709.046	12332
709.134	12342
709.223	12333
709.311	12430
709.399	12357
709.488	12314
709.576	12304
709.665	12375
709.753	12341
709.841	12301
709.93	12238
710.018	12223
710.107	12300
710.195	12237
710.283	12282
710.372	12283
710.46	12259
710.548	12296
710.637	12188
710.725	12200
710.814	12102
710.902	12149
710.99	12165
711.079	12154
711.167	12142
711.255	12209
711.344	12125
711.432	12044
711.521	12086
711.609	12115
711.697	12058
711.786	12168
711.874	12058
711.962	12052
712.051	12157
712.139	12050
712.228	12011
712.316	11990
712.404	11956
712.493	11986
712.581	12038
712.669	12071
712.758	12018
712.846	11931
712.934	11872
713.023	11956
713.111	11907
713.2	11879
713.288	11932
713.376	11913
713.465	11807
713.553	11743
713.641	11876
713.73	11893
713.818	11843
713.906	11856
713.995	11826
714.083	11884
714.171	11790
714.26	11763
714.348	11735
714.437	11794
714.525	11707
714.613	11708
714.702	11756
714.79	11700
714.878	11724
714.967	11691
715.055	11674
715.143	11647
715.232	11588
715.32	11562
715.408	11642
715.497	11531
715.585	11597
715.673	11569
715.762	11616
715.85	11520
715.938	11576
716.027	11549
716.115	11467
716.203	11451
716.292	11385
716.38	11410
716.468	11371
716.557	11384
716.645	11484
716.733	11428
716.822	11439
716.91	11386
716.998	11315
717.087	11349
717.175	11280
717.263	11293
717.352	11315
717.44	11393
717.528	11325
717.617	11166
717.705	11249
717.793	11290
717.882	11230
717.97	11196
718.058	11238
718.147	11189
718.235	11170
718.323	11185
718.412	11115
718.5	11116
718.588	11124
718.677	10999
718.765	11057
718.853	11089
718.942	11043
719.03	10999
719.118	10958
719.207	10980
719.295	10999
719.383	10883
719.472	10960
719.56	10898
719.648	10986
719.736	10867
719.825	10905
719.913	10894
720.001	10781
720.09	10797
720.178	10829
720.266	10825
720.355	10793
720.443	10759
720.531	10704
720.62	10694
720.708	10739
720.796	10714
720.885	10708
720.973	10681
721.061	10693
721.149	10631
721.238	10595
721.326	10708
721.414	10599
721.503	10692
721.591	10581
721.679	10644
721.768	10584
721.856	10533
721.944	10519
722.032	10458
722.121	10474
722.209	10508
722.297	10468
722.386	10350
722.474	10355
722.562	10453
722.65	10429
722.739	10377
722.827	10291
722.915	10292
723.004	10232
723.092	10239
723.18	10274
723.268	10214
723.357	10262
723.445	10267
723.533	10245
723.622	10260
723.71	10183
723.798	10150
723.886	10170
723.975	10148
724.063	10087
724.151	10085
724.24	10119
724.328	10101
724.416	10065
724.504	10154
724.593	10018
724.681	10050
724.769	10051
724.858	10006
724.946	10002
725.034	10044
725.122	9960
725.211	9948
725.299	9971
725.387	9861
725.475	9903
725.564	9935
725.652	9855
725.74	9861
725.829	9834
725.917	9833
726.005	9810
726.093	9835
726.182	9804
726.27	9770
726.358	9736
726.446	9707
726.535	9747
726.623	9699
726.711	9712
726.799	9616
726.888	9628
726.976	9599
727.064	9658
727.153	9613
727.241	9649
727.329	9604
727.417	9570
727.506	9623
727.594	9508
727.682	9619
727.77	9556
727.859	9516
727.947	9515
728.035	9488
728.123	9441
728.212	9421
728.3	9460
728.388	9446
728.476	9372
728.565	9427
728.653	9450
728.741	9372
728.829	9352
728.918	9389
729.006	9235
729.094	9282
729.182	9332
729.271	9250
729.359	9178
729.447	9208
729.535	9184
729.623	9189
729.712	9165
729.8	9123
729.888	9083
729.976	9154
730.065	9164
730.153	9198
730.241	9127
730.329	9148
730.418	9089
730.506	9078
730.594	9109
730.682	9037
730.771	9034
730.859	8982
730.947	9042
731.035	8963
731.123	8998
731.212	8944
731.3	8999
731.388	8900
731.476	8966
731.565	8961
731.653	8903
731.741	8908
731.829	8800
731.918	8861
732.006	8825
732.094	8836
732.182	8852
732.27	8871
732.359	8860
732.447	8804
732.535	8806
732.623	8778
732.712	8730
732.8	8740
732.888	8684
732.976	8710
733.064	8714
733.153	8696
733.241	8658
733.329	8683
733.417	8717
733.505	8621
733.594	8650
733.682	8624
733.77	8647
733.858	8623
733.947	8636
734.035	8547
734.123	8484
734.211	8474
734.299	8539
734.388	8528
734.476	8545
734.564	8464
734.652	8425
734.74	8500
734.829	8437
734.917	8419
735.005	8396
735.093	8484
735.181	8425
735.27	8373
735.358	8400
735.446	8514
735.534	8447
735.622	8476
735.711	8425
735.799	8424
735.887	8426
735.975	8380
736.063	8440
736.152	8394
736.24	8415
736.328	8333
736.416	8313
736.504	8319
736.592	8338
736.681	8299
736.769	8320
736.857	8320
736.945	8361
737.033	8287
737.122	8291
737.21	8327
737.298	8301
737.386	8302
737.474	8281
737.563	8169
737.651	8197
737.739	8232
737.827	8222
737.915	8175
738.003	8141
738.092	8165
738.18	8197
738.268	8154
738.356	8178
738.444	8116
738.532	8208
738.621	8165
738.709	8141
738.797	8201
738.885	8123
738.973	8108
739.062	8081
739.15	8051
739.238	8135
739.326	8104
739.414	8116
739.502	8072
739.591	8067
739.679	8101
739.767	8027
739.855	8042
739.943	8038
740.031	7959
740.12	8019
740.208	8007
740.296	7969
740.384	7996
740.472	7938
740.56	8006
740.649	7958
740.737	7982
740.825	7992
740.913	7948
741.001	7894
741.089	7915
741.177	7826
741.266	7916
741.354	7946
741.442	7930
741.53	7870
741.618	7882
741.706	7807
741.795	7873
741.883	7817
741.971	7733
742.059	7794
742.147	7782
742.235	7756
742.323	7724
742.412	7741
742.5	7749
742.588	7762
742.676	7734
742.764	7768
742.852	7759
742.94	7777
743.029	7700
743.117	7657
743.205	7733
743.293	7724
743.381	7697
743.469	7633
743.557	7657
743.646	7671
743.734	7619
743.822	7703
743.91	7625
743.998	7617
744.086	7565
744.174	7541
744.263	7589
744.351	7515
744.439	7502
744.527	7540
744.615	7536
744.703	7512
744.791	7481
744.879	7467
744.968	7502
745.056	7465
745.144	7444
745.232	7436
745.32	7455
745.408	7449
745.496	7419
745.584	7419
745.673	7408
745.761	7373
745.849	7380
745.937	7381
746.025	7298
746.113	7355
746.201	7390
746.289	7362
746.378	7331
746.466	7351
746.554	7343
746.642	7276
746.73	7284
746.818	7274
746.906	7249
746.994	7278
747.082	7287
747.171	7276
747.259	7252
747.347	7275
747.435	7293
747.523	7241
747.611	7167
747.699	7197
747.787	7203
747.875	7213
747.964	7192
748.052	7228
748.14	7215
748.228	7102
748.316	7184
748.404	7133
748.492	7100
748.58	7138
748.668	7137
748.756	7084
748.845	7107
748.933	7159
749.021	7107
749.109	7081
749.197	7088
749.285	7113
749.373	7028
749.461	7081
749.549	7077
749.637	7088
749.726	7073
749.814	7068
749.902	7094
749.99	7042
750.078	7037
750.166	7071
750.254	7055
750.342	7060
750.43	6848

