424.869	2773
424.96	2784
425.05	2753
425.14	2789
425.231	2793
425.321	2800
425.412	2746
425.502	2788
425.593	2755
425.683	2736
425.774	2753
425.864	2713
425.954	2755
426.045	2754
426.135	2720
426.226	2715
426.316	2753
426.407	2749
426.497	2728
426.588	2718
426.678	2707
426.768	2706
426.859	2749
426.949	2724
427.04	2706
427.13	2719
427.221	2738
427.311	2735
427.401	2762
427.492	2782
427.582	2752
427.673	2776
427.763	2786
427.854	2780
427.944	2836
428.034	2856
428.125	2847
428.215	2857
428.306	2845
428.396	2880
428.487	2846
428.577	2899
428.667	2877
428.758	2878
428.848	2910
428.939	2909
429.029	2943
429.12	2867
429.21	2931
429.3	2966
429.391	2916
429.481	2967
429.572	2964
429.662	3016
429.752	2997
429.843	2977
429.933	2960
430.024	2984
430.114	2969
430.204	3039
430.295	3011
430.385	3008
430.476	3036
430.566	3006
430.657	3012
430.747	3020
430.837	3020
430.928	3032
431.018	3016
431.109	3025
431.199	2985
431.289	3047
431.38	2981
431.47	3003
431.561	3039
431.651	3004
431.741	2990
431.832	3010
431.922	2995
432.013	2942
432.103	2981
432.193	3036
432.284	3041
432.374	3031
432.465	3011
432.555	3007
432.645	3044
432.736	3023
432.826	2986
432.917	3018
433.007	3008
433.097	3055
433.188	3022
433.278	3021
433.368	3048
433.459	3047
433.549	3045
433.64	3029
433.73	3011
433.82	3101
433.911	3041
434.001	3146
434.092	3098
434.182	3092
434.272	3120
434.363	3153
434.453	3133
434.543	3178
434.634	3173
434.724	3176
434.815	3173
434.905	3184
434.995	3189
435.086	3175
435.176	3201
435.266	3167
435.357	3177
435.447	3204
435.538	3264
435.628	3264
435.718	3224
435.809	3214
435.899	3228
435.989	3266
436.08	3204
436.17	3242
436.261	3210
436.351	3272
436.441	3241
436.532	3229
436.622	3260
436.712	3305
436.803	3309
436.893	3337
436.983	3346
437.074	3359
437.164	3292
437.255	3297
437.345	3325
437.435	3366
437.526	3326
437.616	3326
437.706	3353
437.797	3395
437.887	3373
437.977	3372
438.068	3398
438.158	3389
438.248	3432
438.339	3419
438.429	3383
438.52	3377
438.61	3464
438.7	3435
438.791	3482
438.881	3535
438.971	3458
439.062	3528
439.152	3531
439.242	3565
439.333	3535
439.423	3573
439.513	3600
439.604	3541
439.694	3578
439.784	3600
439.875	3645
439.965	3691
440.055	3686
440.146	3690
440.236	3681
440.326	3725
440.417	3741
440.507	3762
440.597	3779
440.688	3828
440.778	3873
440.868	3915
440.959	3935
441.049	3940
441.139	3927
441.23	3971
441.32	4012
441.41	4057
441.501	4079
441.591	4072
441.681	4096
441.772	4144
441.862	4155
441.952	4177
442.043	4186
442.133	4246
442.223	4232
442.314	4260
442.404	4307
442.494	4319
442.585	4325
442.675	4352
442.765	4364
442.856	4355
442.946	4373
443.036	4409
443.127	4403
443.217	4444
443.307	4464
443.398	4467
443.488	4490
443.578	4569
443.668	4560
443.759	4536
443.849	4560
443.939	4631
444.03	4610
444.12	4548
444.21	4653
444.301	4604
444.391	4609
444.481	4622
444.572	4644
444.662	4694
444.752	4612
444.842	4676
444.933	4628
445.023	4660
445.113	4714
445.204	4690
445.294	4687
445.384	4678
445.475	4686
445.565	4767
445.655	4782
445.745	4771
445.836	4712
445.926	4810
446.016	4862
446.107	4837
446.197	4862
446.287	4899
446.378	4902
446.468	4883
446.558	4892
446.648	4853
446.739	4863
446.829	4906
446.919	4931
447.01	4930
447.1	4964
447.19	4971
447.28	4966
447.371	4994
447.461	4966
447.551	5013
447.642	5029
447.732	5043
447.822	5070
447.912	5148
448.003	5157
448.093	5125
448.183	5159
448.274	5232
448.364	5156
448.454	5240
448.544	5192
448.635	5247
448.725	5278
448.815	5257
448.906	5251
448.996	5331
449.086	5332
449.176	5320
449.267	5353
449.357	5430
449.447	5396
449.537	5378
449.628	5458
449.718	5408
449.808	5462
449.899	5388
449.989	5377
450.079	5428
450.169	5394
450.26	5389
450.35	5440
450.44	5469
450.53	5440
450.621	5436
450.711	5455
450.801	5431
450.891	5456
450.982	5472
451.072	5558
451.162	5448
451.253	5441
451.343	5513
451.433	5493
451.523	5520
451.614	5525
451.704	5432
451.794	5503
451.884	5511
451.975	5471
452.065	5531
452.155	5557
452.245	5581
452.336	5482
452.426	5578
452.516	5550
452.606	5527
452.697	5555
452.787	5564
452.877	5548
452.967	5563
453.058	5565
453.148	5513
453.238	5579
453.328	5517
453.419	5535
453.509	5592
453.599	5576
453.689	5629
453.78	5569
453.87	5580
453.96	5526
454.05	5563
454.141	5571
454.231	5537
454.321	5529
454.411	5601
454.501	5569
454.592	5564
454.682	5509
454.772	5496
454.862	5520
454.953	5551
455.043	5559
455.133	5556
455.223	5485
455.314	5523
455.404	5559
455.494	5557
455.584	5550
455.674	5586
455.765	5567
455.855	5548
455.945	5514
456.035	5497
456.126	5448
456.216	5434
456.306	5408
456.396	5451
456.487	5447
456.577	5465
456.667	5479
456.757	5442
456.847	5385
456.938	5416
457.028	5458
457.118	5390
457.208	5401
457.298	5385
457.389	5377
457.479	5355
457.569	5321
457.659	5268
457.75	5378
457.84	5341
457.93	5252
458.02	5281
458.11	5217
458.201	5261
458.291	5261
458.381	5309
458.471	5214
458.561	5239
458.652	5275
458.742	5162
458.832	5203
458.922	5170
459.012	5233
459.103	5134
459.193	5102
459.283	5128
459.373	5053
459.463	5094
459.554	5086
459.644	5142
459.734	5092
459.824	5086
459.914	5112
460.005	5077
460.095	5090
460.185	5071
460.275	5087
460.365	5019
460.456	5021
460.546	5006
460.636	5056
460.726	4976
460.816	5016
460.907	5054
460.997	5047
461.087	5051
461.177	4978
461.267	5046
461.358	5053
461.448	5021
461.538	5025
461.628	4948
461.718	5031
461.808	5012
461.899	5031
461.989	5044
462.079	5003
462.169	5078
462.259	5017
462.35	5008
462.44	5037
462.53	5009
462.62	4978
462.71	5040
462.8	5022
462.891	5026
462.981	5003
463.071	5008
463.161	5000
463.251	5016
463.342	5027
463.432	5043
463.522	5000
463.612	5068
463.702	4961
463.792	4933
463.883	4932
463.973	4989
464.063	5026
464.153	5005
464.243	5005
464.333	4993
464.424	5025
464.514	4992
464.604	4992
464.694	5024
464.784	4969
464.874	5048
464.965	5000
465.055	5032
465.145	5014
465.235	4993
465.325	4974
465.415	4981
465.505	4997
465.596	4943
465.686	4989
465.776	4912
465.866	5025
465.956	4989
466.046	4944
466.137	4954
466.227	4967
466.317	5005
466.407	4976
466.497	4994
466.587	5008
466.677	4994
466.768	4981
466.858	4998
466.948	4974
467.038	4960
467.128	4967
467.218	5000
467.308	4977
467.399	4989
467.489	4986
467.579	5024
467.669	4982
467.759	5000
467.849	4993
467.939	4956
468.03	4991
468.12	5001
468.21	5017
468.3	5002
468.39	5069
468.48	5046
468.57	5043
468.661	5102
468.751	5060
468.841	5085
468.931	5072
469.021	5071
469.111	5069
469.201	5034
469.292	5125
469.382	5146
469.472	5133
469.562	5099
469.652	5119
469.742	5170
469.832	5200
469.922	5148
470.013	5137
470.103	5152
470.193	5166
470.283	5230
470.373	5238
470.463	5250
470.553	5268
470.643	5259
470.733	5289
470.824	5330
470.914	5274
471.004	5298
471.094	5292
471.184	5354
471.274	5335
471.364	5395
471.454	5314
471.545	5402
471.635	5387
471.725	5422
471.815	5413
471.905	5409
471.995	5415
472.085	5410
472.175	5530
472.265	5527
472.356	5518
472.446	5562
472.536	5506
472.626	5560
472.716	5594
472.806	5629
472.896	5598
472.986	5614
473.076	5609
473.166	5567
473.257	5677
473.347	5652
473.437	5764
473.527	5703
473.617	5670
473.707	5739
473.797	5748
473.887	5815
473.977	5783
474.067	5781
474.158	5734
474.248	5789
474.338	5829
474.428	5809
474.518	5892
474.608	5877
474.698	5938
474.788	5893
474.878	5983
474.968	5969
475.059	5930
475.149	6047
475.239	6018
475.329	6049
475.419	6042
475.509	6028
475.599	6015
475.689	6117
475.779	6176
475.869	6098
475.959	6183
476.049	6199
476.14	6188
476.23	6244
476.32	6305
476.41	6350
476.5	6306
476.59	6314
476.68	6319
476.77	6353
476.86	6456
476.95	6441
477.04	6437
477.13	6451
477.22	6479
477.311	6514
477.401	6512
477.491	6540
477.581	6494
477.671	6646
477.761	6612
477.851	6544
477.941	6567
478.031	6599
478.121	6658
478.211	6757
478.301	6750
478.391	6803
478.481	6821
478.571	6809
478.662	6879
478.752	6906
478.842	6879
478.932	6935
479.022	6868
479.112	6940
479.202	7057
479.292	7025
479.382	7051
479.472	7058
479.562	7104
479.652	7105
479.742	7121
479.832	7166
479.922	7215
480.012	7190
480.102	7221
480.193	7273
480.283	7247
480.373	7309
480.463	7349
480.553	7307
480.643	7363
480.733	7409
480.823	7410
480.913	7366
481.003	7397
481.093	7468
481.183	7498
481.273	7554
481.363	7518
481.453	7605
481.543	7627
481.633	7725
481.723	7640
481.813	7612
481.903	7618
481.993	7633
482.083	7741
482.173	7726
482.264	7803
482.354	7769
482.444	7880
482.534	7854
482.624	7872
482.714	7851
482.804	7820
482.894	7946
482.984	7920
483.074	8019
483.164	7956
483.254	8058
483.344	8046
483.434	8061
483.524	8097
483.614	8142
483.704	8146
483.794	8136
483.884	8051
483.974	8177
484.064	8190
484.154	8165
484.244	8195
484.334	8238
484.424	8257
484.514	8243
484.604	8288
484.694	8262
484.784	8248
484.874	8318
484.964	8358
485.054	8390
485.144	8403
485.234	8378
485.324	8373
485.414	8418
485.504	8452
485.594	8454
485.684	8519
485.774	8426
485.864	8449
485.954	8519
486.045	8577
486.135	8495
486.225	8516
486.315	8586
486.405	8589
486.495	8515
486.585	8520
486.675	8623
486.765	8646
486.855	8628
486.945	8626
487.035	8677
487.125	8667
487.215	8673
487.305	8598
487.395	8716
487.485	8668
487.575	8629
487.665	8651
487.755	8689
487.845	8748
487.935	8679
488.025	8703
488.115	8746
488.205	8747
488.295	8824
488.385	8709
488.475	8733
488.565	8814
488.655	8780
488.745	8740
488.834	8805
488.924	8833
489.014	8785
489.104	8789
489.194	8810
489.284	8796
489.374	8761
489.464	8803
489.554	8796
489.644	8808
489.734	8779
489.824	8813
489.914	8835
490.004	8833
490.094	8768
490.184	8812
490.274	8809
490.364	8842
490.454	8827
490.544	8871
490.634	8842
490.724	8839
490.814	8859
490.904	8851
490.994	8827
491.084	8860
491.174	8787
491.264	8775
491.354	8826
491.444	8735
491.534	8768
491.624	8795
491.714	8739
491.804	8742
491.894	8774
491.984	8752
492.074	8653
492.164	8705
492.254	8767
492.344	8660
492.434	8628
492.524	8703
492.613	8723
492.703	8660
492.793	8646
492.883	8649
492.973	8647
493.063	8598
493.153	8704
493.243	8613
493.333	8644
493.423	8619
493.513	8648
493.603	8623
493.693	8563
493.783	8565
493.873	8667
493.963	8549
494.053	8557
494.143	8462
494.233	8520
494.323	8510
494.413	8492
494.503	8498
494.593	8510
494.682	8479
494.772	8480
494.862	8499
494.952	8427
495.042	8455
495.132	8413
495.222	8403
495.312	8370
495.402	8367
495.492	8419
495.582	8397
495.672	8366
495.762	8390
495.852	8356
495.942	8309
496.032	8334
496.122	8286
496.211	8325
496.301	8248
496.391	8295
496.481	8301
496.571	8326
496.661	8266
496.751	8299
496.841	8174
496.931	8233
497.021	8181
497.111	8230
497.201	8217
497.291	8201
497.381	8139
497.471	8192
497.56	8147
497.65	8106
497.74	8141
497.83	8166
497.92	8163
498.01	8204
498.1	8090
498.19	8017
498.28	8059
498.37	8111
498.46	8020
498.55	8033
498.64	8035
498.729	8045
498.819	8130
498.909	7973
498.999	7921
499.089	8010
499.179	7904
499.269	7959
499.359	7944
499.449	7974
499.539	7902
499.629	7854
499.718	7854
499.808	7870
499.898	7795
499.988	7805
500.078	7762
500.168	7773
500.258	7819
500.348	7800
500.438	7841
500.528	7824
500.618	7819
500.707	7845
500.797	7823
500.887	7729
500.977	7821
501.067	7734
501.157	7761
501.247	7742
501.337	7670
501.427	7765
501.517	7718
501.606	7737
501.696	7775
501.786	7691
501.876	7678
501.966	7692
502.056	7662
502.146	7716
502.236	7701
502.326	7634
502.416	7692
502.505	7651
502.595	7636
502.685	7542
502.775	7620
502.865	7608
502.955	7614
503.045	7678
503.135	7649
503.225	7610
503.314	7637
503.404	7576
503.494	7570
503.584	7558
503.674	7569
503.764	7626
503.854	7562
503.944	7637
504.033	7700
504.123	7669
504.213	7661
504.303	7627
504.393	7592
504.483	7669
504.573	7601
504.663	7606
504.753	7545
504.842	7607
504.932	7636
505.022	7624
505.112	7549
505.202	7626
505.292	7605
505.382	7626
505.471	7596
505.561	7606
505.651	7630
505.741	7635
505.831	7646
505.921	7557
506.011	7589
506.101	7706
506.19	7668
506.28	7641
506.37	7648
506.46	7706
506.55	7657
506.64	7573
506.73	7663
506.819	7694
506.909	7687
506.999	7769
507.089	7730
507.179	7682
507.269	7714
507.359	7701
507.448	7774
507.538	7710
507.628	7800
507.718	7779
507.808	7776
507.898	7784
507.988	7870
508.077	7740
508.167	7749
508.257	7809
508.347	7781
508.437	7773
508.527	7873
508.617	7841
508.706	7835
508.796	7882
508.886	7833
508.976	7934
509.066	7930
509.156	7905
509.245	7915
509.335	7912
509.425	7931
509.515	7934
509.605	7947
509.695	7894
509.785	7896
509.874	7949
509.964	7974
510.054	7894
510.144	8006
510.234	8008
510.324	8083
510.413	8001
510.503	8015
510.593	8045
510.683	8092
510.773	8038
510.863	8121
510.952	8153
511.042	8139
511.132	8105
511.222	8141
511.312	8192
511.401	8190
511.491	8129
511.581	8213
511.671	8200
511.761	8188
511.851	8320
511.94	8311
512.03	8298
512.12	8327
512.21	8413
512.3	8487
512.39	8479
512.479	8438
512.569	8414
512.659	8392
512.749	8444
512.839	8432
512.928	8487
513.018	8504
513.108	8575
513.198	8504
513.288	8533
513.378	8593
513.467	8670
513.557	8648
513.647	8638
513.737	8720
513.827	8667
513.916	8710
514.006	8714
514.096	8688
514.186	8801
514.276	8826
514.365	8922
514.455	8820
514.545	8759
514.635	8869
514.725	8918
514.814	8972
514.904	8942
514.994	9002
515.084	8996
515.174	8983
515.263	9089
515.353	9150
515.443	9101
515.533	9108
515.623	9176
515.712	9179
515.802	9176
515.892	9159
515.982	9144
516.072	9244
516.161	9263
516.251	9272
516.341	9259
516.431	9388
516.521	9278
516.61	9377
516.7	9424
516.79	9395
516.88	9377
516.97	9460
517.059	9480
517.149	9482
517.239	9528
517.329	9570
517.418	9595
517.508	9644
517.598	9649
517.688	9679
517.778	9798
517.867	9725
517.957	9703
518.047	9740
518.137	9725
518.226	9781
518.316	9856
518.406	9840
518.496	9881
518.586	9840
518.675	9973
518.765	9946
518.855	9969
518.945	10017
519.034	10003
519.124	10079
519.214	10147
519.304	10123
519.394	10062
519.483	10207
519.573	10242
519.663	10249
519.753	10211
519.842	10237
519.932	10311
520.022	10315
520.112	10317
520.201	10331
520.291	10332
520.381	10377
520.471	10441
520.56	10405
520.65	10496
520.74	10540
520.83	10497
520.92	10520
521.009	10639
521.099	10596
521.189	10623
521.279	10623
521.368	10747
521.458	10677
521.548	10696
521.638	10792
521.727	10777
521.817	10766
521.907	10815
521.997	10813
522.086	10902
522.176	10826
522.266	10860
522.356	10949
522.445	10952
522.535	10933
522.625	10935
522.715	10945
522.804	11044
522.894	11014
522.984	11098
523.074	11102
523.163	11126
523.253	11143
523.343	11142
523.433	11151
523.522	11129
523.612	11161
523.702	11161
523.791	11180
523.881	11258
523.971	11226
524.061	11283
524.15	11300
524.24	11260
524.33	11261
524.42	11331
524.509	11337
524.599	11328
524.689	11418
524.779	11445
524.868	11382
524.958	11373
525.048	11426
525.137	11385
525.227	11471
525.317	11484
525.407	11464
525.496	11473
525.586	11485
525.676	11585
525.766	11532
525.855	11576
525.945	11653
526.035	11624
526.124	11710
526.214	11608
526.304	11637
526.394	11661
526.483	11665
526.573	11756
526.663	11722
526.752	11689
526.842	11751
526.932	11741
527.022	11656
527.111	11835
527.201	11742
527.291	11787
527.38	11952
527.47	11772
527.56	11851
527.65	11886
527.739	11914
527.829	11883
527.919	11871
528.008	11940
528.098	11969
528.188	12026
528.278	12132
528.367	12026
528.457	12064
528.547	11980
528.636	12037
528.726	12100
528.816	12045
528.905	12021
528.995	12011
529.085	12089
529.175	12050
529.264	12120
529.354	12077
529.444	12154
529.533	12112
529.623	12120
529.713	12155
529.802	12033
529.892	12143
529.982	12111
530.072	12112
530.161	12201
530.251	12232
530.341	12208
530.43	12149
530.52	12227
530.61	12129
530.699	12122
530.789	12157
530.879	12134
530.968	12120
531.058	12197
531.148	12144
531.237	12201
531.327	12237
531.417	12161
531.507	12181
531.596	12230
531.686	12076
531.776	12194
531.865	12157
531.955	12175
532.045	12149
532.134	12164
532.224	12132
532.314	12143
532.403	12155
532.493	12185
532.583	12170
532.672	12142
532.762	12128
532.852	12141
532.941	12128
533.031	12028
533.121	12135
533.21	12169
533.3	12042
533.39	12143
533.479	12085
533.569	12094
533.659	12090
533.748	12138
533.838	12196
533.928	12124
534.017	12121
534.107	12080
534.197	12070
534.286	12098
534.376	12162
534.466	12103
534.555	12054
534.645	12101
534.735	12145
534.824	12089
534.914	12020
535.004	11967
535.093	12127
535.183	11995
535.273	12081
535.362	11970
535.452	11902
535.542	11955
535.631	12017
535.721	11903
535.811	12048
535.9	12019
535.99	11782
536.079	11844
536.169	11969
536.259	11877
536.348	11854
536.438	11844
536.528	11872
536.617	11859
536.707	11767
536.797	11864
536.886	11780
536.976	11833
537.066	11807
537.155	11712
537.245	11656
537.335	11612
537.424	11674
537.514	11616
537.603	11550
537.693	11518
537.783	11488
537.872	11465
537.962	11450
538.052	11435
538.141	11429
538.231	11352
538.321	11416
538.41	11343
538.5	11297
538.589	11277
538.679	11314
538.769	11240
538.858	11315
538.948	11298
539.038	11247
539.127	11159
539.217	11101
539.306	11184
539.396	11192
539.486	11204
539.575	11133
539.665	11136
539.755	11034
539.844	11064
539.934	11087
540.023	11090
540.113	10911
540.203	10990
540.292	10931
540.382	10937
540.472	10939
540.561	10956
540.651	10903
540.74	10853
540.83	10919
540.92	10837
541.009	10824
541.099	10825
541.188	10696
541.278	10785
541.368	10800
541.457	10738
541.547	10651
541.636	10602
541.726	10735
541.816	10718
541.905	10616
541.995	10511
542.085	10573
542.174	10622
542.264	10545
542.353	10457
542.443	10470
542.533	10532
542.622	10572
542.712	10491
542.801	10468
542.891	10452
542.981	10466
543.07	10451
543.16	10384
543.249	10386
543.339	10399
543.429	10430
543.518	10486
543.608	10335
543.697	10317
543.787	10456
543.877	10286
543.966	10365
544.056	10291
544.145	10167
544.235	10209
544.324	10266
544.414	10225
544.504	10207
544.593	10216
544.683	10158
544.772	10253
544.862	10216
544.952	10173
545.041	10192
545.131	10122
545.22	10119
545.31	10108
545.399	10096
545.489	10090
545.579	10087
545.668	10053
545.758	10157
545.847	10053
545.937	10053
546.027	10004
546.116	10063
546.206	10101
546.295	10085
546.385	9986
546.474	10018
546.564	10009
546.654	10027
546.743	10030
546.833	9999
546.922	10031
547.012	9975
547.101	10004
547.191	10004
547.281	10057
547.37	9944
547.46	9969
547.549	10003
547.639	9994
547.728	9993
547.818	9985
547.908	9976
547.997	10036
548.087	9964
548.176	9915
548.266	10004
548.355	9889
548.445	9916
548.534	9908
548.624	9983
548.714	9979
548.803	9996
548.893	9932
548.982	9914
549.072	9897
549.161	9955
549.251	9912
549.34	10018
549.43	10000
549.52	9924
549.609	10026
549.699	9948
549.788	9994
549.878	10044
549.967	10054
550.057	9988
550.146	10041
550.236	10059
550.326	10028
550.415	9989
550.505	9965
550.594	10083
550.684	10081
550.773	10059
550.863	9971
550.952	10052
551.042	10071
551.131	10046
551.221	10085
551.31	10075
551.4	10094
551.49	10023
551.579	10092
551.669	10051
551.758	10111
551.848	10111
551.937	10063
552.027	10062
552.116	10055
552.206	10108
552.295	10141
552.385	10113
552.474	10150
552.564	10171
552.653	10160
552.743	10145
552.833	10226
552.922	10254
553.012	10150
553.101	10200
553.191	10278
553.28	10194
553.37	10244
553.459	10207
553.549	10258
553.638	10298
553.728	10231
553.817	10300
553.907	10344
553.996	10340
554.086	10302
554.175	10276
554.265	10392
554.354	10359
554.444	10360
554.533	10415
554.623	10428
554.713	10441
554.802	10398
554.892	10516
554.981	10484
555.071	10519
555.16	10472
555.25	10466
555.339	10564
555.429	10439
555.518	10535
555.608	10502
555.697	10506
555.787	10541
555.876	10502
555.966	10486
556.055	10514
556.145	10635
556.234	10567
556.324	10573
556.413	10673
556.503	10630
556.592	10651
556.682	10670
556.771	10685
556.861	10650
556.95	10690
557.04	10686
557.129	10801
557.219	10766
557.308	10789
557.398	10760
557.487	10840
557.577	10844
557.666	10859
557.756	10915
557.845	10924
557.935	10936
558.024	10897
558.114	10855
558.203	10895
558.293	10929
558.382	11006
558.472	10893
558.561	11061
558.651	11069
558.74	11087
558.829	11107
558.919	11150
559.008	11083
559.098	11185
559.187	11151
559.277	11120
559.366	11084
559.456	11194
559.545	11151
559.635	11240
559.724	11236
559.814	11217
559.903	11258
559.993	11344
560.082	11297
560.172	11244
560.261	11344
560.351	11427
560.44	11450
560.53	11464
560.619	11389
560.709	11429
560.798	11513
560.887	11536
560.977	11554
561.066	11554
561.156	11551
561.245	11597
561.335	11675
561.424	11698
561.514	11646
561.603	11678
561.693	11683
561.782	11682
561.872	11706
561.961	11723
562.051	11756
562.14	11797
562.229	11813
562.319	11762
562.408	11794
562.498	11787
562.587	11861
562.677	11801
562.766	11902
562.856	11785
562.945	11859
563.035	12015
563.124	11919
563.213	11956
563.303	12026
563.392	12017
563.482	12092
563.571	12066
563.661	12126
563.75	12137
563.84	12207
563.929	12181
564.019	12260
564.108	12342
564.197	12305
564.287	12352
564.376	12321
564.466	12366
564.555	12410
564.645	12412
564.734	12373
564.824	12409
564.913	12416
565.002	12464
565.092	12572
565.181	12590
565.271	12559
565.36	12578
565.45	12605
565.539	12662
565.628	12700
565.718	12733
565.807	12677
565.897	12633
565.986	12644
566.076	12663
566.165	12721
566.254	12814
566.344	12828
566.433	12831
566.523	12781
566.612	12915
566.702	12954
566.791	12981
566.88	12971
566.97	13105
567.059	13135
567.149	12973
567.238	13024
567.328	13099
567.417	13008
567.506	13142
567.596	13176
567.685	13146
567.775	13187
567.864	13241
567.954	13271
568.043	13298
568.132	13265
568.222	13332
568.311	13206
568.401	13293
568.49	13317
568.579	13342
568.669	13330
568.758	13426
568.848	13389
568.937	13426
569.027	13464
569.116	13487
569.205	13491
569.295	13502
569.384	13574
569.474	13550
569.563	13503
569.652	13516
569.742	13630
569.831	13552
569.921	13628
570.01	13672
570.099	13678
570.189	13745
570.278	13703
570.368	13693
570.457	13764
570.546	13776
570.636	13769
570.725	13847
570.815	13863
570.904	13849
570.993	13826
571.083	13775
571.172	13863
571.262	13934
571.351	13892
571.44	13961
571.53	13877
571.619	13958
571.709	13938
571.798	13971
571.887	13934
571.977	13978
572.066	13975
572.156	13982
572.245	14021
572.334	14033
572.424	14015
572.513	14056
572.602	14113
572.692	14059
572.781	14108
572.871	14143
572.96	14139
573.049	14028
573.139	14176
573.228	14245
573.318	14204
573.407	14252
573.496	14246
573.586	14250
573.675	14293
573.764	14266
573.854	14292
573.943	14207
574.033	14311
574.122	14251
574.211	14237
574.301	14384
574.39	14401
574.479	14495
574.569	14361
574.658	14451
574.748	14452
574.837	14499
574.926	14414
575.016	14416
575.105	14441
575.194	14445
575.284	14453
575.373	14490
575.462	14416
575.552	14426
575.641	14493
575.731	14481
575.82	14479
575.909	14475
575.999	14438
576.088	14444
576.177	14529
576.267	14599
576.356	14593
576.445	14538
576.535	14569
576.624	14616
576.713	14573
576.803	14579
576.892	14568
576.982	14587
577.071	14610
577.16	14618
577.25	14574
577.339	14640
577.428	14741
577.518	14623
577.607	14663
577.696	14667
577.786	14679
577.875	14704
577.964	14671
578.054	14693
578.143	14681
578.232	14681
578.322	14621
578.411	14769
578.5	14859
578.59	14763
578.679	14718
578.768	14723
578.858	14735
578.947	14699
579.037	14745
579.126	14709
579.215	14854
579.305	14729
579.394	14802
579.483	14824
579.573	14814
579.662	14872
579.751	14821
579.841	14832
579.93	14847
580.019	14801
580.109	14825
580.198	14828
580.287	14770
580.377	14808
580.466	14834
580.555	14771
580.644	14790
580.734	14879
580.823	14837
580.912	14804
581.002	14754
581.091	14832
581.18	14817
581.27	14760
581.359	14780
581.448	14826
581.538	14845
581.627	14768
581.716	14858
581.806	14817
581.895	14849
581.984	14675
582.074	14805
582.163	14811
582.252	14746
582.342	14755
582.431	14806
582.52	14773
582.61	14773
582.699	14792
582.788	14792
582.877	14805
582.967	14695
583.056	14780
583.145	14752
583.235	14801
583.324	14761
583.413	14695
583.503	14816
583.592	14728
583.681	14696
583.771	14702
583.86	14561
583.949	14675
584.038	14586
584.128	14649
584.217	14616
584.306	14614
584.396	14714
584.485	14712
584.574	14659
584.664	14640
584.753	14680
584.842	14632
584.931	14695
585.021	14605
585.11	14618
585.199	14647
585.289	14676
585.378	14545
585.467	14610
585.556	14543
585.646	14498
585.735	14462
585.824	14498
585.914	14602
586.003	14590
586.092	14523
586.182	14519
586.271	14457
586.36	14440
586.449	14410
586.539	14429
586.628	14396
586.717	14336
586.806	14380
586.896	14364
586.985	14339
587.074	14371
587.164	14295
587.253	14331
587.342	14322
587.431	14322
587.521	14323
587.61	14293
587.699	14276
587.789	14312
587.878	14342
587.967	14301
588.056	14313
588.146	14325
588.235	14253
588.324	14342
588.413	14214
588.503	14267
588.592	14174
588.681	14178
588.771	14196
588.86	14213
588.949	14061
589.038	14145
589.128	14077
589.217	14105
589.306	14045
589.395	14064
589.485	14022
589.574	14022
589.663	13959
589.752	13953
589.842	13921
589.931	13895
590.02	13839
590.109	13815
590.199	13801
590.288	13826
590.377	13748
590.467	13813
590.556	13803
590.645	13865
590.734	13735
590.824	13710
590.913	13735
591.002	13652
591.091	13651
591.181	13673
591.27	13650
591.359	13682
591.448	13613
591.538	13575
591.627	13660
591.716	13643
591.805	13583
591.895	13496
591.984	13501
592.073	13524
592.162	13617
592.251	13606
592.341	13451
592.43	13447
592.519	13453
592.608	13432
592.698	13424
592.787	13408
592.876	13405
592.965	13308
593.055	13410
593.144	13284
593.233	13227
593.322	13228
593.412	13248
593.501	13237
593.59	13234
593.679	13165
593.769	13201
593.858	13147
593.947	13253
594.036	13136
594.125	13151
594.215	13155
594.304	13204
594.393	13100
594.482	13140
594.572	13125
594.661	13037
594.75	12998
594.839	13016
594.928	13111
595.018	13031
595.107	13016
595.196	13030
595.285	12997
595.375	12979
595.464	12913
595.553	12960
595.642	13004
595.731	12972
595.821	13018
595.91	12970
595.999	12832
596.088	12936
596.178	12857
596.267	12860
596.356	12937
596.445	12886
596.534	12880
596.624	12837
596.713	12846
596.802	12737
596.891	12769
596.98	12803
597.07	12693
597.159	12800
597.248	12720
597.337	12781
597.426	12766
597.516	12728
597.605	12679
597.694	12692
597.783	12705
597.872	12708
597.962	12631
598.051	12632
598.14	12604
598.229	12696
598.319	12694
598.408	12767
598.497	12617
598.586	12553
598.675	12634
598.764	12525
598.854	12666
598.943	12627
599.032	12646
599.121	12603
599.21	12647
599.3	12550
599.389	12557
599.478	12584
599.567	12541
599.656	12495
599.746	12495
599.835	12451
599.924	12471
600.013	12462
600.102	12486
600.192	12401
600.281	12374
600.37	12371
600.459	12460
600.548	12420
600.637	12348
600.727	12324
600.816	12303
600.905	12387
600.994	12385
601.083	12359
601.173	12385
601.262	12342
601.351	12336
601.44	12347
601.529	12372
601.618	12376
601.708	12368
601.797	12359
601.886	12323
601.975	12267
602.064	12272
602.153	12314
602.243	12306
602.332	12287
602.421	12269
602.51	12232
602.599	12276
602.688	12250
602.778	12298
602.867	12317
602.956	12305
603.045	12288
603.134	12294
603.223	12224
603.313	12278
603.402	12300
603.491	12280
603.58	12240
603.669	12237
603.758	12235
603.848	12130
603.937	12288
604.026	12182
604.115	12151
604.204	12164
604.293	12262
604.383	12222
604.472	12172
604.561	12194
604.65	12198
604.739	12203
604.828	12185
604.917	12225
605.007	12193
605.096	12179
605.185	12207
605.274	12218
605.363	12215
605.452	12181
605.541	12210
605.631	12223
605.72	12086
605.809	12108
605.898	12169
605.987	12086
606.076	12183
606.165	12183
606.255	12215
606.344	12218
606.433	12104
606.522	12190
606.611	12092
606.7	12176
606.789	12135
606.879	12129
606.968	12133
607.057	12086
607.146	12159
607.235	12200
607.324	12157
607.413	12125
607.503	12113
607.592	12158
607.681	12204
607.77	12192
607.859	12135
607.948	12185
608.037	12192
608.126	12237
608.216	12242
608.305	12137
608.394	12225
608.483	12182
608.572	12205
608.661	12187
608.75	12169
608.839	12219
608.929	12220
609.018	12200
609.107	12217
609.196	12193
609.285	12202
609.374	12234
609.463	12207
609.552	12320
609.642	12235
609.731	12255
609.82	12248
609.909	12231
609.998	12186
610.087	12260
610.176	12272
610.265	12204
610.354	12190
610.444	12212
610.533	12294
610.622	12268
610.711	12281
610.8	12340
610.889	12288
610.978	12302
611.067	12275
611.156	12222
611.245	12309
611.335	12368
611.424	12314
611.513	12343
611.602	12318
611.691	12370
611.78	12354
611.869	12359
611.958	12263
612.047	12398
612.137	12400
612.226	12366
612.315	12417
612.404	12406
612.493	12407
612.582	12424
612.671	12426
612.76	12449
612.849	12440
612.938	12420
613.027	12477
613.117	12483
613.206	12491
613.295	12466
613.384	12370
613.473	12523
613.562	12517
613.651	12549
613.74	12553
613.829	12486
613.918	12464
614.007	12474
614.097	12479
614.186	12557
614.275	12592
614.364	12568
614.453	12587
614.542	12623
614.631	12592
614.72	12590
614.809	12577
614.898	12648
614.987	12685
615.076	12641
615.165	12721
615.255	12730
615.344	12675
615.433	12704
615.522	12712
615.611	12699
615.7	12669
615.789	12828
615.878	12862
615.967	12835
616.056	12866
616.145	12886
616.234	12872
616.323	12828
616.412	12855
616.502	12926
616.591	12908
616.68	12924
616.769	12988
616.858	12984
616.947	12938
617.036	12933
617.125	13048
617.214	13049
617.303	13089
617.392	13186
617.481	13011
617.57	13012
617.659	13047
617.748	13120
617.837	13120
617.927	13173
618.016	13137
618.105	13160
618.194	13162
618.283	13154
618.372	13203
618.461	13248
618.55	13223
618.639	13270
618.728	13300
618.817	13251
618.906	13440
618.995	13435
619.084	13345
619.173	13401
619.262	13352
619.351	13421
619.44	13448
619.529	13451
619.618	13486
619.708	13444
619.797	13555
619.886	13477
619.975	13566
620.064	13538
620.153	13497
620.242	13633
620.331	13541
620.42	13603
620.509	13649
620.598	13658
620.687	13686
620.776	13703
620.865	13704
620.954	13706
621.043	13738
621.132	13739
621.221	13753
621.31	13750
621.399	13733
621.488	13722
621.577	13822
621.666	13846
621.755	13903
621.844	13897
621.933	13825
622.022	13921
622.111	13928
622.2	13918
622.29	13954
622.379	13994
622.468	14061
622.557	13981
622.646	14043
622.735	14048
622.824	14112
622.913	14079
623.002	14105
623.091	14146
623.18	14196
623.269	14222
623.358	14192
623.447	14235
623.536	14155
623.625	14207
623.714	14187
623.803	14239
623.892	14226
623.981	14299
624.07	14291
624.159	14242
624.248	14331
624.337	14265
624.426	14439
624.515	14364
624.604	14366
624.693	14353
624.782	14406
624.871	14413
624.96	14372
625.049	14437
625.138	14504
625.227	14454
625.316	14428
625.405	14532
625.494	14508
625.583	14591
625.672	14506
625.761	14598
625.85	14604
625.939	14655
626.028	14577
626.117	14602
626.206	14644
626.295	14640
626.384	14690
626.473	14610
626.562	14703
626.651	14703
626.74	14834
626.829	14790
626.918	14795
627.007	14742
627.096	14719
627.185	14807
627.274	14818
627.363	14822
627.452	14966
627.541	14910
627.63	14847
627.719	14944
627.808	14909
627.897	14987
627.986	14922
628.075	14952
628.164	14984
628.253	14925
628.342	15054
628.431	14982
628.52	14955
628.609	15079
628.698	15152
628.787	15035
628.876	15046
628.965	15129
629.053	15098
629.142	15188
629.231	15135
629.32	15278
629.409	15226
629.498	15171
629.587	15177
629.676	15200
629.765	15132
629.854	15160
629.943	15244
630.032	15332
630.121	15290
630.21	15211
630.299	15243
630.388	15313
630.477	15347
630.566	15344
630.655	15384
630.744	15374
630.833	15377
630.922	15348
631.011	15390
631.1	15303
631.189	15356
631.278	15299
631.367	15378
631.456	15383
631.545	15413
631.634	15417
631.722	15424
631.811	15464
631.9	15420
631.989	15564
632.078	15572
632.167	15530
632.256	15496
632.345	15568
632.434	15488
632.523	15552
632.612	15549
632.701	15691
632.79	15601
632.879	15575
632.968	15522
633.057	15502
633.146	15587
633.235	15517
633.324	15660
633.413	15618
633.501	15557
633.59	15676
633.679	15653
633.768	15663
633.857	15679
633.946	15690
634.035	15561
634.124	15638
634.213	15603
634.302	15667
634.391	15625
634.48	15613
634.569	15662
634.658	15671
634.747	15641
634.836	15604
634.924	15661
635.013	15686
635.102	15653
635.191	15663
635.28	15592
635.369	15730
635.458	15662
635.547	15686
635.636	15723
635.725	15717
635.814	15773
635.903	15692
635.992	15686
636.081	15658
636.169	15648
636.258	15709
636.347	15795
636.436	15695
636.525	15709
636.614	15709
636.703	15681
636.792	15683
636.881	15689
636.97	15691
637.059	15747
637.148	15713
637.236	15743
637.325	15696
637.414	15673
637.503	15625
637.592	15677
637.681	15679
637.77	15631
637.859	15645
637.948	15683
638.037	15711
638.126	15699
638.215	15699
638.303	15615
638.392	15644
638.481	15648
638.57	15687
638.659	15643
638.748	15624
638.837	15703
638.926	15743
639.015	15716
639.104	15655
639.192	15706
639.281	15667
639.37	15712
639.459	15652
639.548	15653
639.637	15669
639.726	15615
639.815	15582
639.904	15615
639.993	15648
640.081	15593
640.17	15582
640.259	15671
640.348	15626
640.437	15560
640.526	15592
640.615	15497
640.704	15468
640.793	15519
640.881	15577
640.97	15478
641.059	15558
641.148	15474
641.237	15491
641.326	15500
641.415	15479
641.504	15428
641.593	15434
641.681	15492
641.77	15407
641.859	15491
641.948	15502
642.037	15555
642.126	15473
642.215	15375
642.304	15395
642.393	15375
642.481	15305
642.57	15362
642.659	15371
642.748	15349
642.837	15278
642.926	15276
643.015	15305
643.104	15284
643.192	15261
643.281	15251
643.37	15239
643.459	15312
643.548	15252
643.637	15217
643.726	15300
643.814	15266
643.903	15216
643.992	15226
644.081	15148
644.17	15199
644.259	15108
644.348	15117
644.437	15148
644.525	15109
644.614	15121
644.703	15092
644.792	15093
644.881	15031
644.97	15033
645.059	14954
645.147	14980
645.236	14898
645.325	14936
645.414	14928
645.503	14941
645.592	14975
645.681	14847
645.769	14887
645.858	14930
645.947	14903
646.036	14812
646.125	14782
646.214	14808
646.303	14779
646.391	14734
646.48	14807
646.569	14690
646.658	14633
646.747	14688
646.836	14712
646.924	14701
647.013	14745
647.102	14631
647.191	14706
647.28	14671
647.369	14601
647.458	14555
647.546	14591
647.635	14624
647.724	14417
647.813	14502
647.902	14554
647.991	14491
648.079	14454
648.168	14467
648.257	14430
648.346	14481
648.435	14415
648.524	14393
648.612	14357
648.701	14332
648.79	14356
648.879	14257
648.968	14243
649.057	14301
649.145	14254
649.234	14187
649.323	14135
649.412	14197
649.501	14105
649.59	14100
649.678	14059
649.767	14164
649.856	14128
649.945	14077
650.034	14038
650.122	14109
650.211	14130
650.3	14088
650.389	14051
650.478	13990
650.567	13995
650.655	14019
650.744	13944
650.833	13897
650.922	13883
651.011	13806
651.099	13889
651.188	13828
651.277	13826
651.366	13803
651.455	13712
651.544	13657
651.632	13705
651.721	13669
651.81	13745
651.899	13620
651.988	13601
652.076	13655
652.165	13588
652.254	13487
652.343	13482
652.432	13495
652.52	13443
652.609	13473
652.698	13477
652.787	13476
652.876	13453
652.964	13406
653.053	13475
653.142	13417
653.231	13429
653.32	13342
653.408	13390
653.497	13306
653.586	13263
653.675	13297
653.764	13167
653.852	13253
653.941	13168
654.03	13195
654.119	13232
654.208	13167
654.296	13089
654.385	13129
654.474	13144
654.563	13063
654.652	12995
654.74	13076
654.829	13070
654.918	13081
655.007	13001
655.095	12934
655.184	13012
655.273	12879
655.362	12889
655.451	12947
655.539	12844
655.628	12862
655.717	12914
655.806	12744
655.895	12912
655.983	12795
656.072	12826
656.161	12757
656.25	12816
656.338	12770
656.427	12779
656.516	12742
656.605	12722
656.694	12715
656.782	12636
656.871	12661
656.96	12680
657.049	12604
657.137	12626
657.226	12631
657.315	12604
657.404	12542
657.492	12585
657.581	12595
657.67	12525
657.759	12561
657.848	12543
657.936	12527
658.025	12491
658.114	12496
658.203	12516
658.291	12500
658.38	12441
658.469	12460
658.558	12394
658.646	12482
658.735	12341
658.824	12342
658.913	12415
659.001	12331
659.09	12362
659.179	12248
659.268	12308
659.356	12255
659.445	12376
659.534	12311
659.623	12236
659.711	12226
659.8	12205
659.889	12319
659.978	12272
660.066	12173
660.155	12203
660.244	12192
660.333	12193
660.421	12142
660.51	12137
660.599	12123
660.688	12119
660.776	12213
660.865	12134
660.954	12059
661.043	12017
661.131	12048
661.22	11973
661.309	11992
661.398	11992
661.486	11963
661.575	11939
661.664	11971
661.753	11833
661.841	11949
661.93	11918
662.019	11892
662.108	11867
662.196	11906
662.285	11870
662.374	11805
662.462	11861
662.551	11776
662.64	11866
662.729	11840
662.817	11809
662.906	11756
662.995	11765
663.084	11753
663.172	11741
663.261	11814
663.35	11734
663.438	11720
663.527	11729
663.616	11709
663.705	11796
663.793	11628
663.882	11602
663.971	11706
664.06	11622
664.148	11637
664.237	11679
664.326	11642
664.414	11617
664.503	11528
664.592	11552
664.681	11600
664.769	11574
664.858	11489
664.947	11509
665.035	11546
665.124	11497
665.213	11371
665.302	11500
665.39	11445
665.479	11493
665.568	11375
665.656	11470
665.745	11399
665.834	11409
665.922	11403
666.011	11423
666.1	11383
666.189	11341
666.277	11445
666.366	11379
666.455	11368
666.543	11334
666.632	11369
666.721	11411
666.81	11297
666.898	11313
666.987	11342
667.076	11414
667.164	11357
667.253	11303
667.342	11317
667.43	11279
667.519	11303
667.608	11326
667.697	11334
667.785	11227
667.874	11235
667.963	11316
668.051	11213
668.14	11209
668.229	11243
668.317	11207
668.406	11222
668.495	11236
668.583	11234
668.672	11169
668.761	11202
668.849	11251
668.938	11187
669.027	11230
669.116	11234
669.204	11236
669.293	11260
669.382	11174
669.47	11198
669.559	11217
669.648	11214
669.736	11213
669.825	11103
669.914	11132
670.002	11192
670.091	11168
670.18	11193
670.268	11111
670.357	11082
670.446	11177
670.534	11166
670.623	11202
670.712	11140
670.8	11114
670.889	11135
670.978	11152
671.066	11125
671.155	11131
671.244	11062
671.332	11113
671.421	11158
671.51	11047
671.598	11114
671.687	11101
671.776	11108
671.864	11090
671.953	11118
672.042	11055
672.13	11181
672.219	11048
672.308	11081
672.396	11116
672.485	11034
672.574	11134
672.662	11089
672.751	10997
672.84	11046
672.928	11089
673.017	11098
673.106	11081
673.194	11115
673.283	11040
673.372	11071
673.46	11100
673.549	11030
673.638	11093
673.726	11088
673.815	11068
673.903	11093
673.992	11015
674.081	11110
674.169	11119
674.258	11068
674.347	11109
674.435	11131
674.524	11121
674.613	11118
674.701	11179
674.79	11082
674.879	11082
674.967	11061
675.056	11188
675.144	11135
675.233	11118
675.322	11107
675.41	11136
675.499	11120
675.588	11067
675.676	11148
675.765	11133
675.854	11174
675.942	11148
676.031	11129
676.119	11083
676.208	11160
676.297	11157
676.385	11147
676.474	11112
676.563	11127
676.651	11135
676.74	11220
676.829	11171
676.917	11209
677.006	11200
677.094	11247
677.183	11207
677.272	11230
677.36	11149
677.449	11188
677.538	11218
677.626	11206
677.715	11227
677.803	11210
677.892	11239
677.981	11280
678.069	11276
678.158	11135
678.246	11212
678.335	11216
678.424	11227
678.512	11247
678.601	11265
678.69	11276
678.778	11248
678.867	11240
678.955	11239
679.044	11214
679.133	11304
679.221	11222
679.31	11259
679.398	11335
679.487	11299
679.576	11192
679.664	11278
679.753	11312
679.841	11299
679.93	11186
680.019	11320
680.107	11379
680.196	11288
680.284	11358
680.373	11364
680.462	11302
680.55	11363
680.639	11340
680.727	11290
680.816	11360
680.905	11374
680.993	11404
681.082	11343
681.17	11357
681.259	11400
681.348	11405
681.436	11427
681.525	11373
681.613	11427
681.702	11476
681.791	11458
681.879	11412
681.968	11374
682.056	11453
682.145	11444
682.234	11462
682.322	11431
682.411	11466
682.499	11379
682.588	11421
682.676	11511
682.765	11504
682.854	11553
682.942	11570
683.031	11504
683.119	11498
683.208	11522
683.297	11516
683.385	11482
683.474	11520
683.562	11536
683.651	11477
683.739	11675
683.828	11610
683.917	11534
684.005	11523
684.094	11600
684.182	11622
684.271	11669
684.359	11597
684.448	11596
684.537	11733
684.625	11726
684.714	11624
684.802	11655
684.891	11731
684.979	11709
685.068	11713
685.157	11718
685.245	11791
685.334	11758
685.422	11742
685.511	11714
685.599	11704
685.688	11745
685.777	11735
685.865	11710
685.954	11770
686.042	11755
686.131	11778
686.219	11752
686.308	11765
686.396	11774
686.485	11830
686.574	11856
686.662	11760
686.751	11869
686.839	11853
686.928	11953
687.016	11864
687.105	11849
687.193	11937
687.282	11875
687.371	11798
687.459	11857
687.548	11929
687.636	11941
687.725	11943
687.813	11900
687.902	11942
687.99	12003
688.079	11988
688.167	11938
688.256	11954
688.345	11999
688.433	11962
688.522	11966
688.61	12004
688.699	12037
688.787	11891
688.876	11998
688.964	12063
689.053	11994
689.141	11968
689.23	12060
689.318	12044
689.407	12101
689.496	12099
689.584	12123
689.673	12140
689.761	12148
689.85	12110
689.938	12107
690.027	12081
690.115	12117
690.204	12100
690.292	12128
690.381	12089
690.469	12145
690.558	12116
690.646	12217
690.735	12234
690.824	12133
690.912	12146
691.001	12204
691.089	12218
691.178	12162
691.266	12183
691.355	12149
691.443	12207
691.532	12229
691.62	12219
691.709	12256
691.797	12238
691.886	12126
691.974	12228
692.063	12249
692.151	12211
692.24	12256
692.328	12272
692.417	12308
692.505	12281
692.594	12255
692.682	12138
692.771	12241
692.859	12194
692.948	12191
693.036	12283
693.125	12211
693.213	12267
693.302	12252
693.39	12213
693.479	12295
693.567	12310
693.656	12327
693.744	12347
693.833	12344
693.921	12319
694.01	12337
694.098	12360
694.187	12278
694.275	12374
694.364	12271
694.452	12379
694.541	12394
694.629	12328
694.718	12420
694.806	12454
694.895	12387
694.983	12317
695.072	12386
695.16	12339
695.249	12333
695.337	12367
695.426	12441
695.514	12346
695.603	12426
695.691	12411
695.78	12387
695.868	12403
695.957	12428
696.045	12527
696.134	12456
696.222	12444
696.311	12437
696.399	12368
696.488	12446
696.576	12487
696.665	12363
696.753	12473
696.842	12522
696.93	12502
697.019	12492
697.107	12454
697.196	12502
697.284	12481
697.373	12464
697.461	12499
697.55	12404
697.638	12455
697.726	12512
697.815	12527
697.903	12611
697.992	12490
698.08	12483
698.169	12551
698.257	12574
698.346	12520
698.434	12562
698.523	12566
698.611	12512
698.7	12560
698.788	12586
698.877	12580
698.965	12619
699.054	12577
699.142	12555
699.23	12534
699.319	12626
699.407	12589
699.496	12584
699.584	12528
699.673	12585
699.761	12621
699.85	12677
699.938	12532
700.027	12641
700.115	12619
700.203	12615
700.292	12511
700.38	12555
700.469	12574
700.557	12552
700.646	12610
700.734	12542
700.823	12556
700.911	12623
701	12593
701.088	12653
701.176	12553
701.265	12524
701.353	12561
701.442	12611
701.53	12592
701.619	12591
701.707	12563
701.796	12661
701.884	12605
701.972	12615
702.061	12649
702.149	12669
702.238	12611
702.326	12581
702.415	12581
702.503	12722
702.592	12630
702.68	12713
702.768	12671
702.857	12637
702.945	12580
703.034	12629
703.122	12631
703.211	12674
703.299	12603
703.387	12696
703.476	12661
703.564	12588
703.653	12643
703.741	12619
703.83	12683
703.918	12711
704.007	12670
704.095	12616
704.183	12559
704.272	12702
704.36	12571
704.449	12642
704.537	12634
704.625	12556
704.714	12653
704.802	12541
704.891	12549
704.979	12588
705.068	12636
705.156	12532
705.244	12566
705.333	12567
705.421	12529
705.51	12622
705.598	12590
705.687	12642
705.775	12615
705.863	12553
705.952	12546
706.04	12526
706.129	12497
706.217	12545
706.305	12576
706.394	12535
706.482	12587
706.571	12554
706.659	12543
706.747	12546
706.836	12553
706.924	12453
707.013	12472
707.101	12419
707.19	12490
707.278	12500
707.366	12444
707.455	12489
707.543	12464
707.632	12499
707.72	12497
707.808	12555
707.897	12425
707.985	12435
708.074	12450
708.162	12522
708.25	12536
708.339	12421
708.427	12423
708.516	12370
708.604	12358
708.692	12326
708.781	12315
708.869	12220
708.957	12339
709.046	12307
709.134	12374
709.223	12344
709.311	12377
709.399	12382
709.488	12215
709.576	12296
709.665	12313
709.753	12258
709.841	12259
709.93	12242
710.018	12303
710.107	12125
710.195	12213
710.283	12217
710.372	12267
710.46	12186
710.548	12187
710.637	12183
710.725	12200
710.814	12166
710.902	12145
710.99	12239
711.079	12136
711.167	12137
711.255	12108
711.344	12140
711.432	12097
711.521	12092
711.609	12094
711.697	12067
711.786	12145
711.874	12027
711.962	12028
712.051	12032
712.139	12022
712.228	11967
712.316	11963
712.404	11919
712.493	12008
712.581	11950
712.669	11916
712.758	11878
712.846	11989
712.934	11841
713.023	11841
713.111	11825
713.2	11804
713.288	11742
713.376	11774
713.465	11842
713.553	11785
713.641	11775
713.73	11745
713.818	11746
713.906	11683
713.995	11702
714.083	11706
714.171	11688
714.26	11683
714.348	11653
714.437	11602
714.525	11592
714.613	11617
714.702	11535
714.79	11604
714.878	11559
714.967	11550
715.055	11520
715.143	11474
715.232	11522
715.32	11496
715.408	11356
715.497	11401
715.585	11319
715.673	11328
715.762	11315
715.85	11322
715.938	11340
716.027	11293
716.115	11303
716.203	11288
716.292	11240
716.38	11236
716.468	11182
716.557	11236
716.645	11175
716.733	11028
716.822	11011
716.91	11012
716.998	11062
717.087	11019
717.175	10986
717.263	11037
717.352	10920
717.44	10927
717.528	10877
717.617	10829
717.705	10855
717.793	10750
717.882	10800
717.97	10799
718.058	10745
718.147	10708
718.235	10615
718.323	10604
718.412	10657
718.5	10625
718.588	10551
718.677	10583
718.765	10620
718.853	10480
718.942	10529
719.03	10521
719.118	10422
719.207	10396
719.295	10439
719.383	10406
719.472	10368
719.56	10323
719.648	10248
719.736	10259
719.825	10376
719.913	10238
720.001	10226
720.09	10231
720.178	10135
720.266	10169
720.355	10116
720.443	10073
720.531	10102
720.62	10103
720.708	10034
720.796	9944
720.885	9936
720.973	10017
721.061	10024
721.149	9936
721.238	9919
721.326	9941
721.414	9883
721.503	9951
721.591	9866
721.679	9826
721.768	9878
721.856	9939
721.944	9807
722.032	9759
722.121	9796
722.209	9752
722.297	9740
722.386	9768
722.474	9735
722.562	9756
722.65	9606
722.739	9668
722.827	9621
722.915	9666
723.004	9609
723.092	9604
723.18	9615
723.268	9600
723.357	9534
723.445	9563
723.533	9590
723.622	9513
723.71	9470
723.798	9485
723.886	9392
723.975	9496
724.063	9438
724.151	9547
724.24	9533
724.328	9412
724.416	9415
724.504	9449
724.593	9361
724.681	9478
724.769	9385
724.858	9307
724.946	9300
725.034	9347
725.122	9320
725.211	9326
725.299	9270
725.387	9277
725.475	9317
725.564	9342
725.652	9310
725.74	9251
725.829	9219
725.917	9195
726.005	9261
726.093	9153
726.182	9167
726.27	9242
726.358	9169
726.446	9168
726.535	9142
726.623	9119
726.711	9180
726.799	9142
726.888	9104
726.976	9073
727.064	9100
727.153	9122
727.241	9049
727.329	9051
727.417	9083
727.506	9121
727.594	9047
727.682	9091
727.77	8969
727.859	8978
727.947	8991
728.035	8966
728.123	9013
728.212	8978
728.3	9046
728.388	8916
728.476	8962
728.565	9027
728.653	8955
728.741	8955
728.829	8922
728.918	8887
729.006	8895
729.094	8848
729.182	8852
729.271	8877
729.359	8860
729.447	8896
729.535	8889
729.623	8854
729.712	8743
729.8	8780
729.888	8842
729.976	8793
730.065	8764
730.153	8754
730.241	8775
730.329	8753
730.418	8679
730.506	8654
730.594	8727
730.682	8666
730.771	8669
730.859	8667
730.947	8746
731.035	8698
731.123	8679
731.212	8630
731.3	8705
731.388	8687
731.476	8667
731.565	8576
731.653	8553
731.741	8569
731.829	8565
731.918	8579
732.006	8541
732.094	8590
732.182	8544
732.27	8549
732.359	8547
732.447	8513
732.535	8487
732.623	8427
732.712	8446
732.8	8353
732.888	8439
732.976	8419
733.064	8436
733.153	8427
733.241	8434
733.329	8449
733.417	8434
733.505	8430
733.594	8345
733.682	8350
733.77	8372
733.858	8310
733.947	8263
734.035	8279
734.123	8288
734.211	8377
734.299	8356
734.388	8369
734.476	8248
734.564	8245
734.652	8290
734.74	8207
734.829	8251
734.917	8243
735.005	8268
735.093	8243
735.181	8225
735.27	8206
735.358	8187
735.446	8201
735.534	8221
735.622	8208
735.711	8213
735.799	8181
735.887	8185
735.975	8204
736.063	8230
736.152	8180
736.24	8227
736.328	8161
736.416	8143
736.504	8175
736.592	8118
736.681	8159
736.769	8091
736.857	8128
736.945	8109
737.033	8173
737.122	8086
737.21	8169
737.298	8097
737.386	8210
737.474	8060
737.563	8026
737.651	8012
737.739	8015
737.827	8045
737.915	8048
738.003	7981
738.092	8012
738.18	8020
738.268	8032
738.356	8053
738.444	8019
738.532	7944
738.621	8005
738.709	7871
738.797	7938
738.885	7968
738.973	7985
739.062	7938
739.15	7951
739.238	7945
739.326	7970
739.414	7886
739.502	7889
739.591	7908
739.679	7960
739.767	7823
739.855	7871
739.943	7907
740.031	7819
740.12	7896
740.208	7878
740.296	7835
740.384	7871
740.472	7803
740.56	7793
740.649	7836
740.737	7840
740.825	7840
740.913	7838
741.001	7808
741.089	7830
741.177	7822
741.266	7799
741.354	7805
741.442	7750
741.53	7690
741.618	7740
741.706	7730
741.795	7662
741.883	7745
741.971	7692
742.059	7672
742.147	7722
742.235	7668
742.323	7682
742.412	7635
742.5	7638
742.588	7629
742.676	7581
742.764	7633
742.852	7654
742.94	7594
743.029	7584
743.117	7580
743.205	7583
743.293	7599
743.381	7650
743.469	7562
743.557	7494
743.646	7526
743.734	7510
743.822	7558
743.91	7457
743.998	7422
744.086	7411
744.174	7478
744.263	7383
744.351	7453
744.439	7418
744.527	7483
744.615	7443
744.703	7376
744.791	7375
744.879	7374
744.968	7365
745.056	7359
745.144	7400
745.232	7395
745.32	7373
745.408	7318
745.496	7302
745.584	7329
745.673	7348
745.761	7313
745.849	7227
745.937	7214
746.025	7263
746.113	7214
746.201	7249
746.289	7286
746.378	7172
746.466	7278
746.554	7195
746.642	7204
746.73	7197
746.818	7215
746.906	7163
746.994	7114
747.082	7167
747.171	7192
747.259	7113
747.347	7148
747.435	7150
747.523	7084
747.611	7054
747.699	7120
747.787	7087
747.875	7057
747.964	7049
748.052	7068
748.14	7069
748.228	7074
748.316	7071
748.404	6965
748.492	7017
748.58	7043
748.668	6966
748.756	7062
748.845	6989
748.933	6971
749.021	6982
749.109	6945
749.197	6994
749.285	6948
749.373	6945
749.461	6974
749.549	6938
749.637	6954
749.726	6844
749.814	6885
749.902	6945
749.99	6954
750.078	6937
750.166	6972
750.254	6909
750.342	6952
750.43	6778

